1341846313.592026 0.000000000 0.000000000 0.000000000 -0.000000000 -0.000000000 -0.000000000 1.000000000
1341846313.654184 0.010037150 -0.000917342 -0.003727422 -0.001101731 -0.003880228 0.005407321 0.999977231
1341846313.686156 0.016297089 0.001778539 -0.003178495 0.000548528 -0.005919633 0.004796985 0.999970853
1341846313.721918 0.023031684 0.004824185 -0.005593647 0.000783107 -0.007184717 0.005886989 0.999956548
1341846313.753994 0.026857894 0.002935776 -0.002291733 -0.000038955 -0.007446844 0.007083729 0.999947190
1341846313.789969 0.035289388 0.008063517 0.002698066 0.001718788 -0.008183145 0.006023559 0.999946952
1341846313.822075 0.032104939 0.012741880 0.002275714 0.002408299 -0.005810756 0.003718217 0.999973357
1341846313.853928 0.031246981 0.014933440 0.007613067 0.002214991 -0.002506973 0.002523181 0.999991298
1341846313.890011 0.007495038 0.017513793 -0.001658255 0.002533452 0.004600291 0.002474185 0.999983191
1341846313.922055 -0.011377660 0.019776102 -0.005284446 0.000613241 0.009426060 0.002839136 0.999951363
1341846313.957927 -0.036948610 0.021299129 -0.005769196 -0.001371705 0.019511694 0.004207756 0.999799848
1341846313.990058 -0.059882704 0.019459082 -0.002957979 -0.003013714 0.030588178 0.005472884 0.999512613
1341846314.022042 -0.087564297 0.019440614 -0.009758155 -0.005378574 0.037285455 0.007771290 0.999260008
1341846314.057816 -0.130324945 0.032617595 -0.014681343 -0.006277488 0.049130484 0.009010212 0.998732030
1341846314.089801 -0.147887006 0.032380059 -0.008296178 -0.005376001 0.058418922 0.008272008 0.998243392
1341846314.122037 -0.162090093 0.027358906 -0.006012717 -0.007913659 0.065336816 0.010651549 0.997775078
1341846314.157989 -0.181177795 0.030316055 -0.002316342 -0.009454603 0.072867885 0.011712228 0.997228026
1341846314.190094 -0.192955673 0.030868551 -0.002164083 -0.009268502 0.079524457 0.013100765 0.996703804
1341846314.225969 -0.213745475 0.033301473 -0.001825442 -0.011546387 0.086393423 0.015415776 0.996074915
1341846314.257923 -0.203664586 0.038195796 0.007795475 -0.012185157 0.087546274 0.015466021 0.995965898
1341846314.290052 -0.216481984 0.042348459 0.007894469 -0.010495709 0.091935270 0.013754212 0.995614707
1341846314.325981 -0.268811524 0.082451083 -0.005632351 -0.004051660 0.103039622 0.010616461 0.994612396
1341846314.357905 -0.259851873 0.086247660 0.004242569 -0.004064642 0.105752893 0.009376433 0.994339943
1341846314.389899 -0.259811163 0.093517303 0.003875554 -0.001124376 0.109034404 0.008753537 0.993998826
1341846314.427905 -0.297626704 0.089833915 0.001579752 -0.002700990 0.118907958 0.006866801 0.992877901
1341846314.493987 -0.325622410 0.092820838 0.003650741 -0.000165359 0.135605663 -0.002289617 0.990760267
1341846314.526085 -0.336518109 0.095207587 -0.003013308 -0.000272984 0.140289426 -0.003975036 0.990102589
1341846314.558292 -0.327204853 0.099318326 0.000662637 -0.000824009 0.143077001 -0.004324465 0.989701807
1341846314.594085 -0.310145527 0.121031158 -0.000803770 0.005471875 0.145414740 -0.005459344 0.989340603
1341846314.626096 -0.335596800 0.120890237 -0.012655122 0.005556797 0.153531477 -0.003370486 0.988122463
1341846314.658455 -0.322816342 0.124696180 -0.009072049 0.004004672 0.154788375 -0.005173361 0.987926006
1341846314.694004 -0.333482921 0.122159138 -0.001299349 0.003838830 0.162390038 -0.006943395 0.986694753
1341846314.725910 -0.321375519 0.114971161 0.000806548 0.007769938 0.163762212 -0.001451203 0.986468196
1341846314.761942 -0.346828163 0.130758226 0.000902307 0.014512465 0.168895125 0.000313068 0.985527158
1341846314.794030 -0.352592498 0.144674808 -0.001789784 0.020301372 0.173417062 -0.000409181 0.984639168
1341846314.826092 -0.373514533 0.136903092 -0.014080949 0.020955257 0.180948183 0.001641419 0.983268023
1341846314.862145 -0.377110541 0.140455335 -0.015643332 0.021466777 0.186148122 0.001950624 0.982285261
1341846314.894072 -0.411942005 0.148314014 -0.015228288 0.022520764 0.197164491 0.003601400 0.980105102
1341846314.925969 -0.417235047 0.147824928 -0.018853486 0.022648541 0.200794250 0.007513528 0.979342818
1341846314.961937 -0.466242105 0.140157118 -0.016018225 0.018391291 0.210092127 0.013306787 0.977418065
1341846314.994564 -0.464532375 0.145060584 -0.017477503 0.015860450 0.211375833 0.012660968 0.977194190
1341846315.029900 -0.488489628 0.164316624 -0.008816704 0.019294927 0.221094072 0.008799571 0.975021899
1341846315.061965 -0.482023895 0.158749163 -0.016362285 0.017813839 0.221826375 0.013619048 0.974828362
1341846315.094388 -0.472252876 0.169942483 -0.016480427 0.019910429 0.219585150 0.012884732 0.975305080
1341846315.129851 -0.524014294 0.197294429 -0.011136897 0.027460119 0.229667738 0.012925722 0.972795784
1341846315.161941 -0.561444640 0.202341363 -0.021383993 0.024799433 0.235406086 0.017211502 0.971428216
1341846315.197984 -0.548585415 0.214473084 -0.022890326 0.019514767 0.231362268 0.013399734 0.972579658
1341846315.230076 -0.562277734 0.243989259 -0.020234782 0.020924162 0.234028533 0.008417289 0.971968114
1341846315.262069 -0.561156809 0.228142247 -0.023458214 0.015225958 0.231317669 0.012202005 0.972682655
1341846315.298000 -0.585362434 0.253955364 -0.016745865 0.018652068 0.232545793 0.013698103 0.972310066
1341846315.329931 -0.597296059 0.257421941 -0.013516407 0.023633579 0.234431326 0.015459146 0.971722424
1341846315.361981 -0.610211134 0.261319816 -0.014863059 0.029772937 0.236016735 0.017509528 0.971134961
1341846315.397962 -0.620675325 0.281999409 -0.004884891 0.037121445 0.238888025 0.019541960 0.970140517
1341846315.429923 -0.623761237 0.289944679 -0.000240996 0.041177798 0.241884053 0.019558866 0.969233751
1341846315.466047 -0.661580622 0.290907204 0.008754812 0.043107182 0.252906591 0.022197848 0.966274977
1341846315.497883 -0.664598703 0.290464908 0.006089143 0.042705916 0.255666465 0.026293388 0.965463400
1341846315.530008 -0.669217885 0.294133097 0.015721932 0.043344900 0.258694440 0.028182184 0.964574635
1341846315.566108 -0.681193054 0.293191761 0.018304422 0.042311497 0.262291133 0.029996481 0.963594019
1341846315.597986 -0.665953159 0.297364920 0.015801441 0.042692836 0.261139363 0.028187511 0.963944554
1341846315.630109 -0.665973306 0.289905727 0.021872263 0.041369319 0.263562173 0.027420888 0.963364780
1341846315.666042 -0.679045677 0.289838374 0.023627916 0.039631680 0.267661542 0.026389452 0.962335825
1341846315.698114 -0.665898919 0.294327855 0.010979086 0.035198275 0.268726707 0.029087625 0.962133586
1341846315.733985 -0.681316733 0.301839709 0.024477981 0.036065433 0.273863286 0.031221149 0.960584998
1341846315.766041 -0.678856254 0.289758623 0.020152055 0.033285763 0.270274818 0.029587813 0.961752653
1341846315.798188 -0.679715157 0.295454055 0.024700409 0.032978889 0.270170152 0.027885351 0.961843550
1341846315.834140 -0.648334563 0.290140837 0.011811435 0.032999393 0.266236156 0.027488202 0.962950587
1341846315.866751 -0.672368944 0.288214892 0.012665804 0.035366528 0.271764666 0.026882073 0.961337864
1341846315.898492 -0.680730104 0.283946842 0.019112390 0.035769347 0.273545742 0.026173484 0.960837305
1341846315.936901 -0.678959787 0.277554125 0.020334300 0.037893839 0.274529874 0.026292112 0.960471809
1341846315.966572 -0.680868089 0.280552536 0.018979140 0.041906554 0.275402039 0.024883492 0.960092902
1341846316.034204 -0.705494761 0.278601289 0.033855516 0.045108534 0.278404117 0.019762812 0.959200621
1341846316.066113 -0.712511361 0.281597137 0.041033544 0.048232153 0.278791547 0.019338822 0.958944678
1341846316.101867 -0.712275267 0.283242196 0.036167733 0.049633134 0.276035458 0.021833917 0.959616780
1341846316.134066 -0.713205576 0.282519311 0.035688426 0.047943708 0.272256166 0.019703122 0.960827708
1341846316.202049 -0.736395240 0.275535971 0.055768989 0.046986483 0.270339936 0.013183534 0.961527348
1341846316.233979 -0.724005163 0.272677839 0.046924412 0.046196200 0.266134620 0.012359836 0.962748945
1341846316.270052 -0.748033643 0.276904911 0.042206321 0.045301806 0.269980192 0.009995273 0.961747706
1341846316.301915 -0.753183722 0.269458592 0.066138566 0.044724718 0.272680461 0.008077226 0.961030662
1341846316.334208 -0.766383767 0.269275665 0.065505229 0.046813335 0.272433370 0.008724263 0.960995555
1341846316.370006 -0.763332009 0.268402159 0.069420844 0.049310125 0.270010442 0.010071523 0.961541176
1341846316.401994 -0.778530121 0.269415706 0.066933773 0.051092472 0.270204335 0.010502767 0.961389005
1341846316.438069 -0.772342384 0.267405301 0.072331280 0.053905677 0.268415689 0.013176620 0.961703539
1341846316.470076 -0.777095020 0.259613812 0.072001465 0.057857815 0.267309129 0.015517803 0.961747110
1341846316.502034 -0.806091547 0.274752080 0.068698384 0.061447386 0.266894758 0.015530067 0.961639404
1341846316.537975 -0.785184085 0.271201760 0.076578081 0.058316994 0.261498928 0.014702188 0.963328302
1341846316.570121 -0.810695708 0.266647995 0.075327106 0.057097569 0.263297647 0.010531786 0.962965906
1341846316.601885 -0.793197572 0.270042986 0.081358746 0.060271472 0.259756804 0.008965346 0.963749647
1341846316.638009 -0.825832725 0.259045184 0.075823523 0.060935427 0.261673450 0.011806389 0.963158607
1341846316.669925 -0.793888032 0.245363414 0.067679167 0.060340043 0.253920138 0.010408141 0.965285122
1341846316.705941 -0.788922429 0.244560361 0.080060571 0.065351255 0.253288180 0.010554818 0.965123296
1341846316.738062 -0.855786681 0.257999331 0.081683300 0.069895871 0.261052817 0.011950346 0.962716579
1341846316.770433 -0.851241827 0.259397864 0.087864764 0.069342263 0.259174019 0.013390125 0.963245153
1341846316.805932 -0.863507867 0.248927668 0.089435935 0.068626106 0.260121852 0.011415378 0.963066339
1341846316.838029 -0.881981373 0.259116173 0.102115102 0.071822442 0.260503203 0.012692249 0.962714195
1341846316.870034 -0.883680284 0.256197959 0.118593886 0.072329573 0.257659882 0.013570987 0.963429153
1341846316.906344 -0.895078778 0.254061043 0.111606136 0.072847627 0.253921181 0.012479732 0.964397073
1341846316.937940 -0.898514032 0.256736755 0.118633330 0.072471388 0.253001153 0.009260376 0.964703381
1341846316.973994 -0.912707388 0.259127498 0.123435214 0.072130695 0.251890808 0.009614407 0.965016007
1341846317.005913 -0.912196875 0.254553288 0.118680000 0.070528686 0.248064145 0.011192112 0.966108024
1341846317.037936 -0.921138644 0.251082212 0.131734177 0.070602730 0.246609911 0.010070410 0.966487110
1341846317.073972 -0.927824080 0.245605484 0.136523724 0.071294323 0.245139629 0.010053538 0.966810584
1341846317.106113 -0.932533741 0.249154881 0.112745762 0.075014137 0.241049618 0.014539191 0.967500150
1341846317.137887 -0.950537562 0.246101797 0.114542156 0.078231715 0.236136049 0.015885666 0.968435466
1341846317.173970 -0.953886449 0.251219302 0.108826384 0.080182038 0.227551043 0.017380051 0.970303774
1341846317.205887 -0.962144673 0.252149791 0.111892395 0.080410726 0.224665940 0.018007083 0.970945537
1341846317.248131 -0.972924829 0.249265850 0.141113058 0.081630588 0.224790186 0.019183859 0.970792413
1341846317.306289 -0.994734883 0.250297695 0.143048555 0.083424412 0.219454154 0.021150317 0.971819401
1341846317.348137 -0.973159611 0.247445524 0.152607962 0.085318565 0.218056530 0.023372196 0.971918643
1341846317.410120 -1.000673532 0.252971202 0.158228114 0.088331155 0.218928039 0.028184451 0.971325815
1341846317.442569 -0.999897242 0.246136665 0.154274479 0.090918452 0.217737660 0.030226948 0.971293211
1341846317.474010 -1.010168910 0.245433569 0.160245687 0.096936747 0.218604922 0.031847924 0.970464289
1341846317.509927 -1.015068412 0.256762922 0.159782410 0.101769917 0.215663731 0.035703912 0.970493317
1341846317.542282 -1.021979570 0.261179924 0.167370319 0.101820037 0.213191509 0.036836356 0.970991850
1341846317.573943 -1.020523787 0.253475577 0.154500350 0.100540511 0.212511793 0.035908375 0.971308947
1341846317.610159 -1.029672861 0.248405829 0.167583704 0.103058085 0.215480417 0.035830006 0.970393479
1341846317.643553 -1.048629045 0.251593828 0.175194979 0.105698906 0.215558946 0.037769448 0.970018327
1341846317.677993 -1.053591371 0.251127481 0.186673075 0.107100345 0.212330878 0.040048245 0.970485091
1341846317.709996 -1.051799297 0.252591580 0.180583477 0.109796055 0.208470896 0.040021323 0.971021652
1341846317.741834 -1.067085624 0.256380409 0.196114972 0.110038765 0.209185421 0.038761515 0.970891654
1341846317.777923 -1.069056153 0.254470348 0.207720891 0.108291484 0.208169296 0.038959268 0.971298516
1341846317.810021 -1.077328086 0.251735598 0.217634618 0.107384719 0.207545027 0.036641423 0.971622884
1341846317.841886 -1.109157205 0.255116433 0.200571150 0.105487965 0.208134696 0.031866249 0.971872807
1341846317.878017 -1.104145050 0.256964594 0.218680367 0.102998495 0.207859546 0.029976392 0.972258806
1341846317.909910 -1.107797384 0.249921337 0.229440033 0.100798786 0.210051760 0.026388811 0.972122192
1341846317.946031 -1.119241953 0.247349188 0.226727352 0.102114707 0.210254848 0.027908891 0.971898496
1341846317.978041 -1.123711109 0.241598189 0.243220583 0.104740486 0.209787831 0.029733688 0.971665800
1341846318.009897 -1.145429134 0.242814049 0.233990282 0.106104650 0.211387232 0.026029216 0.971277356
1341846318.045949 -1.138811350 0.254154563 0.228555620 0.106965013 0.209606111 0.024774633 0.971601784
1341846318.078074 -1.121261477 0.249127865 0.232365787 0.105154783 0.204161242 0.024926888 0.972953975
1341846318.109894 -1.169454694 0.252128989 0.232682273 0.105026133 0.205628514 0.021429576 0.972742140
1341846318.145957 -1.164971590 0.254248828 0.237599790 0.104125805 0.202823669 0.017999010 0.973497093
1341846318.178001 -1.172202468 0.248590335 0.241968393 0.102150306 0.203801960 0.015925162 0.973538101
1341846318.214074 -1.172970414 0.241242498 0.255750924 0.102597035 0.201902151 0.016289657 0.973880947
1341846318.245970 -1.207908988 0.234790668 0.240733206 0.104539208 0.197372943 0.014395299 0.974632382
1341846318.278018 -1.220162272 0.240983486 0.248492733 0.109488353 0.193549931 0.012933966 0.974876106
1341846318.313937 -1.216064334 0.237695426 0.262901634 0.110897973 0.186930165 0.013451975 0.976000965
1341846318.345989 -1.220758438 0.231201187 0.272328407 0.111395173 0.178502083 0.011700307 0.977543473
1341846318.382046 -1.234185457 0.233788446 0.264011085 0.112383462 0.170901865 0.008627831 0.978819728
1341846318.414072 -1.245816350 0.233520031 0.264038384 0.113812767 0.164365470 0.008900593 0.979771137
1341846318.446035 -1.255752444 0.233713016 0.270659506 0.116419539 0.158522204 0.007155282 0.980441749
1341846318.482196 -1.265392661 0.235442579 0.268160373 0.117601052 0.156525135 0.007050093 0.980622411
1341846318.514144 -1.275686026 0.232371539 0.271307528 0.117682286 0.155322909 0.008649360 0.980790973
1341846318.546259 -1.278721809 0.228946149 0.276155531 0.118706077 0.154198721 0.006535613 0.980861306
1341846318.582042 -1.281808019 0.235235274 0.271101385 0.120422617 0.152598277 0.005713719 0.980907559
1341846318.614115 -1.301477790 0.235652417 0.274836659 0.119881906 0.153930664 0.005141175 0.980768740
1341846318.650038 -1.302298069 0.237301826 0.287608474 0.119596392 0.153636754 0.002706237 0.980859399
1341846318.682350 -1.309276581 0.236364156 0.286025107 0.118658796 0.152233869 0.001821782 0.981194019
1341846318.714063 -1.329868793 0.229679614 0.278354645 0.117205836 0.152198583 0.001679772 0.981374383
1341846318.749905 -1.339385748 0.231012270 0.284028113 0.118200645 0.152502328 0.001366553 0.981208384
1341846318.782036 -1.351260662 0.234130085 0.292691767 0.120707408 0.152862072 0.002853909 0.980843961
1341846318.814121 -1.367512584 0.234299272 0.291681468 0.120640099 0.148069143 0.001249728 0.981590509
1341846318.850072 -1.381546497 0.229207978 0.296073794 0.119954109 0.143105000 -0.002027816 0.982409239
1341846318.883516 -1.390565634 0.227099150 0.293485820 0.122272648 0.134903133 -0.003961971 0.983277619
1341846318.918047 -1.395200014 0.233606920 0.300438046 0.125445992 0.122931838 -0.006158844 0.984435499
1341846318.950044 -1.413148999 0.224611968 0.295129061 0.125607550 0.113571689 -0.009575168 0.985511303
1341846318.982028 -1.419541240 0.231371701 0.300740719 0.127147272 0.109673142 -0.012820622 0.985718548
1341846319.018123 -1.433918118 0.236598730 0.306005388 0.127408877 0.104782097 -0.013964575 0.986201108
1341846319.050745 -1.425987720 0.218423948 0.300444484 0.126486197 0.096438028 -0.014521944 0.987162650
1341846319.081905 -1.423132539 0.227513447 0.304165512 0.132822990 0.096111916 -0.018237580 0.986300111
1341846319.117976 -1.450644612 0.231467262 0.304609537 0.136163905 0.097937346 -0.014129941 0.985732257
1341846319.150093 -1.464605570 0.228467450 0.305450410 0.138940200 0.093436733 -0.007374616 0.985855401
1341846319.186069 -1.451926947 0.243148446 0.297520012 0.141389489 0.090541981 -0.007335455 0.985777617
1341846319.218149 -1.435019016 0.270404398 0.319249272 0.140741959 0.094831496 -0.008149191 0.985460460
1341846319.250034 -1.468060970 0.261864156 0.322052658 0.133265331 0.103257149 -0.007937171 0.985654771
1341846319.286594 -1.468767166 0.247850418 0.321121633 0.131024420 0.105314597 -0.002397615 0.985766530
1341846319.318034 -1.479151249 0.244666234 0.313924998 0.132043391 0.105864272 0.001366537 0.985573649
1341846319.350268 -1.495599985 0.241323620 0.325382113 0.133886263 0.106871314 0.006212043 0.985197723
1341846319.386163 -1.521762729 0.234715492 0.319645137 0.136074081 0.102933355 0.013900226 0.985238731
1341846319.418386 -1.508944631 0.239954650 0.315501630 0.137554988 0.095522001 0.015097512 0.985761821
1341846319.453961 -1.511105061 0.243766114 0.318295479 0.137767330 0.093546033 0.011146928 0.985974193
1341846319.486271 -1.535358429 0.246566787 0.316146404 0.136706620 0.094675422 0.009494363 0.986031294
1341846319.554083 -1.543033004 0.246026486 0.335919827 0.131317079 0.088046327 0.009442003 0.987377584
1341846319.586296 -1.559183836 0.244392559 0.341725975 0.130989760 0.089666411 0.005249787 0.987306476
1341846319.622031 -1.583393097 0.247191340 0.336188167 0.128957316 0.087538049 0.002600607 0.987775505
1341846319.653962 -1.583304286 0.238957450 0.353759229 0.127611384 0.082099169 0.001528252 0.988419354
1341846319.686352 -1.590550780 0.238139540 0.346878350 0.129325673 0.078106306 0.003042474 0.988516629
1341846319.721992 -1.597014666 0.246630728 0.350408405 0.130678207 0.073711269 0.003081163 0.988676071
1341846319.754063 -1.604310870 0.263333589 0.349474192 0.128543630 0.071458049 0.002455680 0.989122987
1341846319.786397 -1.600179076 0.258901805 0.362516850 0.124530889 0.070686683 0.007028683 0.989669740
1341846319.822008 -1.612599134 0.258798301 0.354557157 0.121601820 0.070260189 0.012128373 0.990014911
1341846319.853917 -1.615158200 0.261364073 0.360802770 0.117633313 0.069275394 0.015997162 0.990508735
1341846319.889942 -1.616603971 0.245180786 0.363878608 0.114235044 0.067752995 0.022468520 0.990886033
1341846319.922039 -1.636081696 0.239620090 0.364692032 0.113876209 0.065181077 0.024233408 0.991058230
1341846319.953946 -1.624432564 0.236261979 0.371775717 0.113648936 0.057636812 0.021000000 0.991625428
1341846319.990054 -1.632336974 0.238923058 0.357471764 0.114688069 0.055398792 0.011735842 0.991786242
1341846320.028122 -1.640054345 0.239259601 0.358008772 0.116513409 0.052243385 0.009829901 0.991765440
1341846320.090047 -1.616700053 0.251193970 0.364443928 0.122696139 0.043033659 0.008066306 0.991478086
1341846320.122011 -1.600246072 0.248042256 0.365855783 0.123544082 0.044128563 0.010732449 0.991299391
1341846320.157952 -1.595207334 0.245615542 0.362387896 0.123776339 0.046862893 0.011224268 0.991139412
1341846320.190003 -1.580722213 0.241514862 0.362087071 0.126518145 0.050363112 0.008265210 0.990650535
1341846320.221941 -1.570230484 0.242864922 0.369455546 0.131241620 0.053582769 0.008202499 0.989867330
1341846320.258015 -1.561801672 0.230487064 0.356260598 0.134561181 0.053158198 0.012315748 0.989401817
1341846320.289887 -1.554905415 0.219751552 0.339317083 0.138803482 0.052155491 0.012554348 0.988865912
1341846320.321954 -1.537492871 0.222594291 0.345730126 0.148348480 0.050027106 0.011109731 0.987606525
1341846320.357890 -1.520464182 0.233613491 0.346785307 0.154904425 0.049800422 0.009472137 0.986627996
1341846320.390064 -1.504970908 0.231584370 0.327241153 0.156168059 0.053150248 0.009317180 0.986255467
1341846320.426544 -1.471222639 0.227954179 0.321734488 0.158061251 0.059441634 0.006070133 0.985619903
1341846320.458122 -1.470207334 0.227760196 0.353493333 0.159555331 0.067524321 0.003979849 0.984868884
1341846320.490186 -1.448592424 0.213702917 0.314199716 0.161988810 0.073868126 0.004082932 0.984015465
1341846320.525911 -1.450041294 0.229239017 0.348319829 0.166957200 0.083255991 -0.000353563 0.982442677
1341846320.558091 -1.438550949 0.230912104 0.311696619 0.167064115 0.086892396 -0.003194578 0.982104421
1341846320.594093 -1.389663339 0.233717591 0.301180184 0.167563930 0.089702249 -0.006125827 0.981752694
1341846320.631955 -1.408961654 0.226788655 0.321770817 0.170460358 0.100044020 -0.007748676 0.980242074
1341846320.631955 -1.408537507 0.226523459 0.320349008 0.170375049 0.099887401 -0.007259573 0.980276585
1341846320.664916 -1.399688244 0.231162637 0.306927443 0.170245275 0.102162443 -0.008556348 0.980054140
1341846320.699927 -1.374846697 0.225665718 0.317966670 0.170031607 0.104726575 -0.010188965 0.979804993
1341846320.731822 -1.374596357 0.231918067 0.295517921 0.172402740 0.112625591 -0.012022082 0.978492856
1341846320.763877 -1.377247930 0.264757186 0.298311055 0.171761349 0.114186674 -0.010301252 0.978444397
1341846320.799999 -1.352140069 0.227628708 0.278728843 0.161265239 0.111627214 -0.013204994 0.980488896
1341846320.831871 -1.304101348 0.230927125 0.250578105 0.163214028 0.120096743 -0.017267155 0.979101539
1341846320.863887 -1.372887373 0.242103845 0.264400721 0.162059173 0.135146111 -0.017453380 0.977326810
1341846320.900014 -1.337063909 0.231780440 0.287530541 0.155667648 0.127790287 -0.010634108 0.979450941
1341846320.931889 -1.310830832 0.221313924 0.282464445 0.156242892 0.127225548 -0.012288729 0.979413569
1341846320.967866 -1.324104786 0.250557989 0.271590471 0.156638056 0.134726614 -0.016266758 0.978288651
1341846321.000017 -1.311679721 0.244993120 0.280534476 0.150431201 0.134832367 -0.015638061 0.979257941
1341846321.031860 -1.289680719 0.232677415 0.269299865 0.147294581 0.134267896 -0.016244117 0.979802370
1341846321.068047 -1.272268414 0.241672188 0.275418073 0.148011982 0.137547523 -0.019075966 0.979188085
1341846321.099840 -1.283348441 0.235003531 0.258632660 0.144586965 0.139836773 -0.018107332 0.979393959
1341846321.131821 -1.254515886 0.225100219 0.264888048 0.145446122 0.140320078 -0.016475275 0.979226351
1341846321.167887 -1.246236086 0.228785709 0.260823250 0.148470536 0.144044071 -0.016086744 0.978237748
1341846321.200042 -1.241450548 0.231377587 0.255235225 0.148406446 0.146430448 -0.016181830 0.977891505
1341846321.231950 -1.235316634 0.226589873 0.253968745 0.147741899 0.147923484 -0.017591221 0.977743149
1341846321.267939 -1.222632170 0.229822457 0.238356844 0.147325590 0.149840727 -0.022145549 0.977421343
1341846321.299948 -1.192988157 0.231417254 0.267236024 0.146150336 0.153675467 -0.026752507 0.976887107
1341846321.331858 -1.207000256 0.225140676 0.248184577 0.144889161 0.157903194 -0.030999718 0.976275027
1341846321.367913 -1.178209424 0.219256386 0.250588536 0.145616710 0.159230143 -0.034642510 0.975828648
1341846321.399897 -1.178571105 0.222948670 0.238304079 0.147326082 0.164794236 -0.036174331 0.974591911
1341846321.435994 -1.177670717 0.217409968 0.236026809 0.148520485 0.168710992 -0.037126590 0.973704219
1341846321.467946 -1.167479157 0.216482401 0.229941532 0.150462121 0.170790717 -0.036127336 0.973080993
1341846321.499882 -1.140018225 0.213035792 0.221839011 0.151587903 0.171182021 -0.035056904 0.972876608
1341846321.536109 -1.131209373 0.228667945 0.207816571 0.151862398 0.177817777 -0.038182314 0.971525073
1341846321.568960 -1.139921188 0.235719085 0.225861058 0.148939952 0.185923442 -0.039597295 0.970402718
1341846321.603938 -1.137208343 0.228135392 0.223086819 0.145150572 0.188470885 -0.039073791 0.970506787
1341846321.637163 -1.093697071 0.232707143 0.201303467 0.142986059 0.191117644 -0.036927804 0.970394433
1341846321.668306 -1.101087809 0.233996242 0.230279997 0.139553517 0.201899379 -0.033319395 0.968840182
1341846321.704411 -1.111803651 0.232786536 0.236714870 0.137677535 0.203602001 -0.024921708 0.969004691
1341846321.736861 -1.104272246 0.233986855 0.237690032 0.138162017 0.200834960 -0.017188929 0.969680965
1341846321.771881 -1.089159846 0.251579523 0.223165527 0.137298763 0.199633688 -0.012463178 0.970123827
1341846321.804114 -1.074519753 0.244820431 0.224546522 0.133304596 0.200982377 -0.007663238 0.970452130
1341846321.836152 -1.075988650 0.250972927 0.226228639 0.130768090 0.203969836 -0.006381693 0.970183134
1341846321.871882 -1.068882108 0.256372213 0.227544025 0.124981865 0.205652118 -0.007991841 0.970578611
1341846321.904074 -1.062755227 0.258239061 0.222272933 0.118076570 0.207056582 -0.011839299 0.971105218
1341846321.939847 -1.024527788 0.235800266 0.213771358 0.110558987 0.204442203 -0.011041137 0.972552478
1341846322.004094 -1.030748010 0.232838720 0.220743075 0.103535563 0.203091413 -0.010457647 0.973614395
1341846322.066178 -1.013824224 0.224305212 0.209967673 0.097858496 0.207419008 -0.012468994 0.973265469
1341846322.107979 -1.013290882 0.207571343 0.214393228 0.094757073 0.209604129 -0.012393877 0.973105133
1341846322.166164 -1.015602350 0.185555875 0.215316281 0.097747527 0.209464401 -0.013347053 0.972826838
1341846322.202932 -1.018042326 0.177339628 0.205165356 0.098667599 0.206687078 -0.013091646 0.973331273
1341846322.234093 -1.051992536 0.188150436 0.218992487 0.099572822 0.212039784 -0.015763965 0.972047329
1341846322.265941 -1.049506545 0.179133385 0.216038391 0.097099036 0.208719581 -0.014297457 0.973038316
1341846322.301996 -1.042637229 0.160444245 0.207242474 0.094749078 0.206194103 -0.013200969 0.973823607
1341846322.333949 -1.059052229 0.147387370 0.207992539 0.093450442 0.205852196 -0.013651530 0.974015176
1341846322.369871 -1.045231819 0.133395076 0.204589024 0.093578100 0.199549302 -0.016849512 0.975263774
1341846322.402292 -1.031651258 0.112115651 0.198928699 0.093690649 0.200512618 -0.023008162 0.974929452
1341846322.433955 -1.051553607 0.104212090 0.211257309 0.098471694 0.203744173 -0.031482656 0.973550439
1341846322.470030 -1.052873135 0.097855851 0.219723701 0.107695095 0.199314415 -0.029757466 0.973545134
1341846322.502433 -1.038459420 0.077955611 0.205007181 0.113592155 0.194204628 -0.027245421 0.973981082
1341846322.534002 -1.037861228 0.066445157 0.201641545 0.123557836 0.194221929 -0.029162334 0.972707987
1341846322.570196 -1.043758631 0.055003583 0.206773475 0.132416293 0.194188893 -0.028520647 0.971567392
1341846322.601920 -1.047592998 0.041079391 0.192209035 0.139183193 0.190579891 -0.023895951 0.971460998
1341846322.638119 -1.023393035 0.022895359 0.198821932 0.143436298 0.185125172 -0.026303483 0.971834779
1341846322.669947 -1.011291504 0.018962488 0.189817190 0.148332372 0.186917752 -0.027227927 0.970730662
1341846322.702026 -1.028363585 0.005482052 0.196398422 0.151416779 0.190110341 -0.025951520 0.969668806
1341846322.738006 -1.025329232 0.007491663 0.193102226 0.153120339 0.186937392 -0.025424223 0.970032096
1341846322.770087 -1.024983287 -0.016771805 0.185670584 0.152875453 0.188027620 -0.024990272 0.969871283
1341846322.806047 -1.023977160 -0.029052109 0.191500664 0.156504661 0.187196955 -0.022966176 0.969503105
1341846322.838063 -1.037308931 -0.034466192 0.198619798 0.159176901 0.183892027 -0.022489855 0.969711661
1341846322.870081 -1.030212045 -0.050305851 0.198445708 0.161094561 0.178418338 -0.022775145 0.970410585
1341846322.906018 -1.016454101 -0.055604633 0.194410056 0.165865794 0.175855473 -0.023533102 0.970056474
1341846322.938349 -1.018409371 -0.035758883 0.199858710 0.168186679 0.177018538 -0.022848183 0.969461560
1341846322.970069 -1.017251134 -0.044709351 0.196837604 0.163161203 0.176548287 -0.019896124 0.970470667
1341846323.011820 -1.008875728 -0.062635429 0.198104948 0.160108134 0.176522166 -0.018046591 0.971019924
1341846323.073951 -1.014540195 -0.060379513 0.200597674 0.158575773 0.176631555 -0.013808617 0.971320987
1341846323.105962 -1.013517737 -0.083017185 0.195725456 0.154699653 0.176541343 -0.013253051 0.971969903
1341846323.138158 -1.013261437 -0.084939107 0.198554054 0.154759333 0.176804587 -0.017146533 0.971851766
1341846323.174092 -1.014128923 -0.084690005 0.196989581 0.152561694 0.176676124 -0.018269185 0.972202063
1341846323.206059 -1.007648349 -0.092289016 0.192039594 0.148895279 0.176042303 -0.020142667 0.972848177
1341846323.238053 -1.002107263 -0.090756863 0.195786849 0.146447077 0.179040715 -0.021339441 0.972647071
1341846323.273997 -1.020483375 -0.090723589 0.206082508 0.142965809 0.180639550 -0.019906702 0.972899795
1341846323.305946 -1.013634324 -0.102082379 0.200334713 0.137187973 0.176215738 -0.018140132 0.974576056
1341846323.342027 -0.990121782 -0.121769480 0.188993111 0.134552181 0.176560327 -0.018840140 0.974867821
1341846323.374048 -1.013373971 -0.132373661 0.201109499 0.134890109 0.181775212 -0.017676877 0.973883927
1341846323.405987 -1.032137036 -0.139693573 0.197073385 0.135512114 0.178219333 -0.013117997 0.974526703
1341846323.441956 -1.012804508 -0.152577087 0.197228387 0.137049049 0.172795728 -0.011763488 0.975305498
1341846323.473878 -1.004811883 -0.162521288 0.194239721 0.141020596 0.173593864 -0.013861650 0.974569738
1341846323.506129 -1.014054537 -0.152817458 0.196526796 0.143740326 0.174341232 -0.017087862 0.973987639
1341846323.541972 -1.002858162 -0.152297318 0.192265779 0.142214701 0.173579559 -0.018537246 0.974321067
1341846323.573913 -0.974950910 -0.181215942 0.172954559 0.139030680 0.175650433 -0.022309974 0.974330425
1341846323.609927 -0.991650999 -0.177265450 0.180466443 0.139489844 0.182990029 -0.025557300 0.972833037
1341846323.642014 -1.005530357 -0.187105164 0.186288372 0.138482586 0.185497820 -0.024555260 0.972527742
1341846323.674081 -1.005821109 -0.199931026 0.184526145 0.138633758 0.183508426 -0.022068581 0.972943187
1341846323.710069 -1.008776426 -0.218920588 0.173537970 0.140339538 0.181958139 -0.018490400 0.973064363
1341846323.742111 -1.014221311 -0.223595858 0.179555997 0.145316243 0.180697456 -0.019356407 0.972551823
1341846323.774928 -1.016185522 -0.218217015 0.177453965 0.148912013 0.178701863 -0.023924237 0.972274959
1341846323.810012 -1.014523149 -0.223912701 0.183657154 0.149582550 0.177838057 -0.028069535 0.972219586
1341846323.842207 -1.011883140 -0.227653667 0.173277408 0.150011167 0.177798256 -0.032899488 0.972009301
1341846323.878019 -1.024452090 -0.242651016 0.172821969 0.149273545 0.177931443 -0.036618672 0.971965492
1341846323.909826 -1.017523050 -0.265485108 0.175805837 0.150846153 0.175606072 -0.040344518 0.971998096
1341846323.942459 -1.024556994 -0.262838989 0.178243473 0.155108646 0.175871924 -0.042194173 0.971200347
1341846323.978055 -1.031897902 -0.267062128 0.178802580 0.157654241 0.173177674 -0.040983796 0.971326411
1341846324.015934 -1.023106933 -0.270130724 0.174607202 0.161242232 0.170379311 -0.042588029 0.971163273
1341846324.015934 -1.023856401 -0.270371556 0.177149221 0.161263525 0.170460775 -0.042744465 0.971138597
1341846324.047722 -1.018941641 -0.259462655 0.172659904 0.165206790 0.171516404 -0.043520018 0.970255077
1341846324.083904 -1.017101169 -0.244611964 0.174504653 0.165903509 0.172813296 -0.043853953 0.969890952
1341846324.115968 -1.013562679 -0.249340057 0.164904684 0.162399277 0.174354672 -0.044317603 0.970187068
1341846324.151967 -1.008788466 -0.241963372 0.161690772 0.161230817 0.177294686 -0.048640735 0.969641924
1341846324.183941 -1.016381741 -0.231959343 0.178771377 0.157954410 0.182726890 -0.051711105 0.969013572
1341846324.219984 -1.022738218 -0.226878300 0.181231812 0.153990477 0.185096711 -0.050115399 0.969285667
1341846324.251968 -1.024112582 -0.228346020 0.185796931 0.153203711 0.185264811 -0.050501131 0.969358206
1341846324.284052 -1.025475383 -0.206285626 0.172425419 0.154207438 0.184266299 -0.050913710 0.969367743
1341846324.319880 -1.033714771 -0.181917667 0.183780909 0.154060587 0.181748584 -0.052406222 0.969786763
1341846324.351917 -1.025097370 -0.162907153 0.186005801 0.150962308 0.178015053 -0.053430077 0.970910013
1341846324.388001 -1.013668299 -0.157302395 0.179201722 0.145609751 0.177814141 -0.056097265 0.971613646
1341846324.419908 -1.017008543 -0.143361986 0.192273229 0.140689820 0.180879265 -0.058090657 0.971655607
1341846324.452027 -1.016594291 -0.147475019 0.198423043 0.135489509 0.181131616 -0.056805469 0.972423375
1341846324.487928 -1.019905925 -0.142755136 0.200890362 0.134174287 0.180886447 -0.054472528 0.972784758
1341846324.519985 -1.030479431 -0.129127592 0.210779116 0.133980870 0.179385692 -0.050317127 0.973312974
1341846324.556001 -1.030844808 -0.108101100 0.207395762 0.133462533 0.174116537 -0.046328813 0.974538267
1341846324.587888 -1.021507263 -0.094429165 0.213856861 0.130588889 0.170455873 -0.043733593 0.975694001
1341846324.620086 -1.029128671 -0.092832938 0.206638306 0.127171248 0.168695584 -0.045747858 0.976358831
1341846324.655955 -1.025045514 -0.077869758 0.207665578 0.126072198 0.167625904 -0.047046654 0.976623833
1341846324.688082 -1.026602864 -0.075065881 0.217192620 0.125568017 0.167942151 -0.046199102 0.976674855
1341846324.755922 -1.042388797 -0.039296485 0.224095881 0.127745971 0.165291145 -0.042328760 0.977020025
1341846324.814016 -1.021139264 -0.000090346 0.216603190 0.122710302 0.158614293 -0.044821296 0.978659689
1341846324.849979 -1.028916001 0.009228028 0.231032133 0.116653293 0.162895247 -0.045774896 0.978653133
1341846324.881924 -1.037621498 0.012383264 0.236506119 0.113505520 0.162287116 -0.045331780 0.979144752
1341846324.913902 -1.031563759 0.021950506 0.240448460 0.113093227 0.160457686 -0.042543307 0.979619026
1341846324.949999 -1.031138301 0.016708016 0.241414800 0.113560952 0.160008445 -0.039255276 0.979775667
1341846324.981922 -1.040765166 0.023437586 0.251608849 0.118822642 0.157817200 -0.036793474 0.979602575
1341846325.018013 -1.041476607 0.036035921 0.242586166 0.123461030 0.152091339 -0.035289489 0.979989946
1341846325.050079 -1.053315878 0.049238805 0.240188882 0.124808133 0.148176298 -0.037474740 0.980337918
1341846325.081901 -1.041480064 0.072223552 0.236908108 0.124350943 0.141612202 -0.039384052 0.981290817
1341846325.118531 -1.036931753 0.089036927 0.237227827 0.119876549 0.140643239 -0.041791502 0.981887281
1341846325.149933 -1.038148999 0.088219270 0.246117026 0.113536812 0.143577367 -0.042328902 0.982193053
1341846325.181925 -1.040186763 0.093797892 0.245162874 0.110727876 0.144779980 -0.039417475 0.982458413
1341846325.218055 -1.039966226 0.098965906 0.251268268 0.108659908 0.144753978 -0.034351617 0.982883155
1341846325.249811 -1.042417526 0.110331729 0.253490239 0.107474588 0.144666210 -0.030413693 0.983156145
1341846325.285925 -1.035834789 0.120680213 0.252833366 0.105546117 0.143534243 -0.026956376 0.983631730
1341846325.317988 -1.021972775 0.117472127 0.250238210 0.103374474 0.145138666 -0.023673551 0.983711421
1341846325.349844 -1.023622394 0.111399613 0.258819848 0.106360294 0.149988741 -0.021519389 0.982714534
1341846325.387302 -1.023919463 0.127515838 0.259977609 0.112525664 0.152607411 -0.019844519 0.981659472
1341846325.417931 -1.005034089 0.130769283 0.257318974 0.115727007 0.155900940 -0.016220657 0.980835915
1341846325.450747 -0.997039557 0.123999991 0.251840174 0.120061539 0.163312584 -0.015021929 0.979126453
1341846325.485954 -1.011105895 0.145795062 0.275422961 0.130045965 0.170978382 -0.014460732 0.976547718
1341846325.517875 -1.010790825 0.157036036 0.277594358 0.134707853 0.173276886 -0.012660718 0.975535035
1341846325.553859 -1.009893656 0.162701607 0.277290523 0.137728214 0.176817238 -0.013408272 0.974467516
1341846325.585855 -1.013498902 0.181950897 0.282752335 0.140324891 0.180013701 -0.015487980 0.973480463
1341846325.617990 -1.013763070 0.202962488 0.284687430 0.137871474 0.181872353 -0.015685843 0.973482370
1341846325.653982 -1.011631727 0.179927111 0.283821017 0.132646680 0.183819368 -0.016468674 0.973829567
1341846325.685819 -1.010277629 0.181315333 0.284334421 0.138210580 0.184925064 -0.016092336 0.972852349
1341846325.717857 -1.012186170 0.194588572 0.293135881 0.144308075 0.185549617 -0.010248735 0.971926689
1341846325.754083 -1.014996529 0.195232600 0.289950997 0.147942573 0.185276449 -0.006359329 0.971465528
1341846325.786087 -1.011868954 0.201423347 0.291774452 0.154632851 0.185384676 -0.006360472 0.970402360
1341846325.821856 -1.010300279 0.225086659 0.294971734 0.160202950 0.186442822 -0.006768099 0.969292641
1341846325.853827 -1.017753839 0.231602639 0.296865761 0.161413595 0.187211379 -0.003406384 0.968961298
1341846325.885958 -1.025597095 0.244144201 0.301780701 0.162967876 0.184736073 0.003284043 0.969176650
1341846325.921984 -1.016048908 0.249770641 0.304916948 0.163004845 0.179585978 0.006759837 0.970119894
1341846325.953899 -1.007222533 0.249436975 0.306285739 0.165597633 0.179909348 0.008336294 0.969608486
1341846325.985823 -1.006850481 0.267292678 0.315109581 0.170318931 0.182120293 0.011196673 0.968348324
1341846326.021991 -1.013852715 0.264611304 0.314599156 0.173335001 0.182566255 0.017551742 0.967634499
1341846326.054055 -1.007174373 0.278254986 0.318127334 0.179438487 0.181024581 0.019914169 0.966765463
1341846326.089984 -1.002868176 0.297517776 0.315420985 0.182295635 0.182530940 0.019085264 0.965964019
1341846326.121822 -1.001684308 0.308103561 0.319571316 0.181520641 0.186927184 0.017247861 0.965303600
1341846326.154079 -1.004632354 0.307683051 0.329055190 0.181687936 0.189744890 0.015697362 0.964748681
1341846326.190178 -1.005932331 0.322500825 0.331009328 0.184976682 0.188967556 0.017881270 0.964238107
1341846326.222162 -1.012038946 0.339368612 0.327280760 0.185475931 0.187056392 0.023530146 0.964393616
1341846326.259181 -1.006288648 0.358629644 0.339939415 0.183801413 0.183759123 0.025390528 0.965300500
1341846326.322766 -1.003228188 0.386009097 0.345068306 0.177388743 0.183989272 0.025630709 0.966449380
1341846326.359773 -0.999302924 0.386769533 0.345657468 0.172452971 0.185668573 0.024752632 0.967044175
1341846326.392109 -0.995882154 0.380078793 0.351117134 0.170784771 0.187568739 0.025896877 0.966943622
1341846326.423985 -0.995077789 0.387146503 0.357057333 0.176048845 0.187644139 0.030758224 0.965841889
1341846326.459869 -1.003995419 0.401811510 0.359243900 0.179116949 0.185527205 0.033669859 0.965589523
1341846326.526163 -0.988001823 0.438259035 0.362358242 0.179840818 0.186429068 0.032132916 0.965333641
1341846326.560211 -0.987517476 0.445813715 0.365355492 0.174822211 0.190440148 0.034075037 0.965406001
1341846326.591828 -0.989180148 0.450317651 0.374887586 0.171883851 0.192844018 0.035932813 0.965389073
1341846326.627027 -0.982209682 0.461465478 0.379325837 0.171597615 0.193855017 0.035901420 0.965238631
1341846326.658442 -0.978053451 0.481657475 0.381914556 0.170085892 0.197529495 0.034736656 0.964803755
1341846326.694856 -0.985022426 0.491410762 0.390764505 0.166163906 0.202160269 0.035022169 0.964517593
1341846326.726206 -0.977392375 0.500935853 0.394357890 0.159539297 0.202784002 0.035428163 0.965489864
1341846326.762753 -0.979430854 0.524147749 0.386400670 0.154179499 0.206275061 0.031926911 0.965743244
1341846326.826821 -0.974116385 0.551376700 0.404824078 0.138155714 0.212564096 0.032663435 0.966779530
1341846326.858887 -0.973872006 0.558828771 0.408848971 0.129955158 0.214159086 0.033709507 0.967528462
1341846326.895360 -0.979895830 0.555129409 0.412516117 0.127651438 0.214435339 0.035108596 0.967724204
1341846326.926897 -0.979799867 0.558496118 0.418439358 0.129225194 0.210470140 0.037332237 0.968302369
1341846326.958888 -0.971248090 0.574942708 0.413162917 0.132813707 0.207050502 0.039894193 0.968451917
1341846326.994594 -0.969566882 0.584737778 0.411627263 0.133852854 0.206972331 0.041953601 0.968238473
1341846327.026301 -0.970135212 0.597044051 0.412332088 0.132037953 0.208988070 0.040368382 0.968122125
1341846327.063945 -0.964288712 0.606901944 0.420706093 0.128240973 0.211346582 0.038314451 0.968203962
1341846327.094662 -0.960985422 0.616140127 0.424799830 0.127916172 0.213170186 0.037282117 0.967887402
1341846327.128901 -0.962246299 0.623624504 0.428153843 0.126339436 0.213566884 0.036121391 0.968051076
1341846327.161940 -0.963705301 0.638460159 0.418796659 0.125561014 0.211976320 0.036627453 0.968482792
1341846327.193867 -0.978845417 0.645706654 0.418463975 0.123843156 0.216033489 0.032262456 0.967962623
1341846327.229885 -0.958176732 0.660547674 0.419986755 0.125261649 0.217274040 0.032384269 0.967498243
1341846327.262014 -0.925103605 0.677397788 0.437606901 0.125775695 0.219068468 0.031482037 0.967056572
1341846327.294023 -0.968597651 0.686666906 0.444850206 0.128279939 0.238127410 0.024556270 0.962411880
1341846327.330015 -0.997875512 0.704955399 0.432257444 0.129227281 0.251389623 0.020591818 0.958999276
1341846327.361939 -1.051573277 0.711066306 0.449188113 0.124416091 0.267737687 0.017358929 0.955267429
1341846327.393887 -1.089897394 0.706075370 0.459504664 0.118984818 0.276571155 0.011545194 0.953529119
1341846327.429966 -1.154591322 0.702383995 0.496211767 0.113922276 0.288425237 0.013689343 0.950602531
1341846327.461965 -1.182789683 0.701251805 0.498830914 0.102964275 0.287880182 0.014222847 0.952008963
1341846327.497931 -1.227820754 0.689594150 0.532693982 0.094618022 0.297452629 0.012450499 0.949954927
1341846327.530068 -1.272236109 0.689384043 0.558308363 0.092066973 0.306221306 0.014944507 0.947380006
1341846327.561895 -1.308855653 0.703577995 0.600227952 0.092899367 0.312707543 0.018920038 0.945106208
1341846327.598010 -1.320329428 0.699604034 0.606752098 0.093288004 0.311848640 0.022493497 0.945273459
1341846327.629945 -1.329283834 0.726649523 0.616497278 0.096904911 0.308209181 0.021025674 0.946136653
1341846327.662003 -1.327374578 0.728795469 0.617528379 0.096014507 0.305370748 0.017104197 0.947226167
1341846327.697919 -1.357920647 0.742399871 0.624098778 0.097958781 0.309303880 0.016195323 0.945765793
1341846327.730075 -1.378415942 0.760808051 0.645689070 0.092786111 0.313114554 0.017728962 0.945005655
1341846327.766017 -1.411446810 0.766202569 0.681093812 0.088825464 0.319906741 0.019700918 0.943070352
1341846327.797917 -1.362277985 0.804867864 0.648728430 0.088259593 0.309577763 0.022800649 0.946494639
1341846327.830054 -1.366120934 0.806111395 0.663719356 0.082173273 0.311696291 0.026449215 0.946252406
1341846327.865944 -1.355940104 0.811755776 0.664660215 0.078200310 0.312173426 0.029499065 0.946341634
1341846327.898010 -1.360016942 0.819376171 0.654755890 0.073129497 0.311905712 0.027951671 0.946882069
1341846327.929991 -1.363826632 0.827229261 0.657434940 0.068142205 0.311427802 0.026671652 0.947448134
1341846327.966065 -1.353648305 0.851105809 0.655882835 0.065235548 0.310278356 0.024821809 0.948080003
1341846327.998073 -1.353350163 0.852523863 0.654580116 0.056575648 0.311321616 0.024943400 0.948291123
1341846328.034045 -1.359060168 0.861589074 0.658452392 0.051014666 0.313592911 0.024040142 0.947881341
1341846328.065993 -1.361402273 0.845583141 0.658699512 0.042723030 0.314567745 0.027721938 0.947867870
1341846328.098045 -1.356415987 0.831520677 0.651683331 0.041576736 0.313468277 0.030373044 0.948201776
1341846328.133967 -1.374606609 0.828256190 0.663695753 0.045245185 0.315718621 0.032362740 0.947220922
1341846328.166023 -1.380679250 0.827250361 0.664973140 0.045428865 0.313404351 0.033181828 0.947951972
1341846328.198018 -1.361748695 0.814732492 0.645027518 0.043974649 0.306041658 0.030657418 0.950507760
1341846328.234044 -1.366664767 0.801307440 0.640858293 0.045781206 0.305088907 0.029470589 0.950766265
1341846328.265899 -1.365394115 0.788547397 0.638742685 0.047823828 0.302799135 0.030380100 0.951368809
1341846328.302051 -1.374201059 0.777529001 0.643941402 0.051469490 0.305095464 0.028903365 0.950490534
1341846328.333917 -1.395061970 0.756448686 0.665924251 0.054559391 0.309598386 0.029803308 0.948832929
1341846328.366008 -1.405188918 0.760386109 0.680920482 0.064137027 0.311385900 0.024876857 0.947790265
1341846328.402010 -1.442132354 0.723052859 0.710713625 0.074367672 0.321488678 0.025904752 0.943633139
1341846328.433920 -1.409147978 0.732403815 0.664854527 0.081475705 0.310036212 0.024326336 0.946914732
1341846328.470003 -1.424104333 0.708083391 0.695231140 0.080034651 0.314203739 0.017804552 0.945808411
1341846328.502194 -1.405259728 0.672467470 0.646730840 0.076304093 0.311503053 0.008188025 0.947141230
1341846328.534033 -1.424492478 0.653095365 0.654253244 0.076732710 0.318177819 0.004793684 0.944908500
1341846328.570125 -1.468681812 0.586334109 0.654234111 0.069942772 0.325745791 0.006628296 0.942843497
1341846328.602804 -1.471934199 0.563855171 0.671129107 0.077295452 0.321451753 0.011793656 0.943692327
1341846328.672663 -1.457764149 0.551625490 0.674438477 0.090403594 0.307550222 0.004193218 0.947218299
1341846328.702975 -1.461365700 0.535319567 0.660960317 0.093271352 0.304609895 0.003957129 0.947891116
1341846328.770129 -1.457754612 0.502162695 0.620384753 0.099184275 0.297644943 -0.003920098 0.949502289
1341846328.802331 -1.446089745 0.493492782 0.622476339 0.101940975 0.292685717 -0.003612874 0.950752378
1341846328.838051 -1.451257467 0.489098668 0.613953829 0.106837645 0.291364789 -0.008782727 0.950586736
1341846328.869939 -1.458628774 0.494016469 0.606872022 0.107611619 0.290791661 -0.009279039 0.950670242
1341846328.904486 -1.450738430 0.460972726 0.608650863 0.099708602 0.287085682 -0.010158487 0.952647328
1341846328.939814 -1.458446741 0.435194165 0.613203704 0.102499835 0.286481589 -0.010733644 0.952526569
1341846328.970217 -1.467006803 0.419564515 0.614225388 0.105475552 0.285992026 -0.006789495 0.952385128
1341846329.006232 -1.460853219 0.432457060 0.616184056 0.112039633 0.282812953 -0.005112838 0.952595294
1341846329.038243 -1.450520992 0.423920393 0.596591234 0.117016852 0.278984785 -0.007438032 0.953110337
1341846329.106125 -1.419166923 0.416628301 0.575737953 0.119466417 0.272388041 -0.006227545 0.954721808
1341846329.138340 -1.413689256 0.414927483 0.571671486 0.123136744 0.270554036 -0.007793764 0.954765499
1341846329.169991 -1.424034238 0.413198858 0.567738354 0.124821872 0.270877421 -0.009611682 0.954438388
1341846329.208656 -1.421940923 0.415537506 0.568468273 0.127124399 0.270048857 -0.011125700 0.954352796
1341846329.238169 -1.418607593 0.388399780 0.553824544 0.121706620 0.267737091 -0.009580016 0.955726266
1341846329.273827 -1.410991669 0.360368431 0.548212528 0.117780335 0.265497506 -0.005720937 0.956873178
1341846329.306052 -1.413539886 0.365226328 0.546393514 0.119310834 0.263336331 -0.008837202 0.957256973
1341846329.338104 -1.418557167 0.368178099 0.543403387 0.115924589 0.262786299 -0.009748943 0.957815170
1341846329.373907 -1.412866354 0.339876533 0.537072778 0.110439092 0.260943025 -0.009387506 0.958970249
1341846329.405985 -1.427459121 0.343601823 0.537828386 0.112852179 0.261765689 -0.015387236 0.958387375
1341846329.442057 -1.420128584 0.351026058 0.535323322 0.113233335 0.260233402 -0.019024720 0.958694339
1341846329.473950 -1.428650141 0.316382527 0.528967142 0.106658526 0.259987950 -0.024409143 0.959392786
1341846329.506147 -1.438673735 0.308157206 0.530278981 0.105736092 0.259643674 -0.026622962 0.959529281
1341846329.542121 -1.452718377 0.286281317 0.531733453 0.101690650 0.258572698 -0.027286714 0.960236788
1341846329.574086 -1.441085815 0.283483624 0.523785353 0.105941541 0.254286051 -0.029213374 0.960865021
1341846329.606387 -1.444639444 0.275395572 0.519645810 0.107146919 0.254122823 -0.031441610 0.960704267
1341846329.641955 -1.441394329 0.269305170 0.514701664 0.106702112 0.251629829 -0.028953828 0.961487830
1341846329.681570 -1.447253704 0.271310627 0.517025113 0.108288340 0.249630317 -0.029541388 0.961813748
1341846329.681570 -1.449179530 0.273123473 0.518006265 0.108581148 0.250025988 -0.029751694 0.961671531
1341846329.748113 -1.449885130 0.254012585 0.515113473 0.107742146 0.250774562 -0.031814102 0.961504936
1341846329.810175 -1.445101976 0.242719471 0.512142897 0.109224223 0.252424836 -0.027318813 0.961043954
1341846329.842255 -1.441906691 0.232337251 0.508626997 0.111577630 0.251465172 -0.023710776 0.961121023
1341846329.874044 -1.447428942 0.224859744 0.506836534 0.114078075 0.251638353 -0.021559419 0.960832715
1341846329.910073 -1.443725228 0.230856508 0.509421587 0.115634754 0.250678480 -0.018152539 0.960967958
1341846329.942009 -1.459498405 0.235864609 0.515145779 0.113740131 0.252535850 -0.012286680 0.960800648
1341846329.978087 -1.449698687 0.204045177 0.502330482 0.109874941 0.249906555 -0.011253126 0.961949885
1341846330.016305 -1.441030025 0.218207657 0.495454371 0.112684429 0.249644652 -0.014659774 0.961646974
1341846330.016305 -1.440182567 0.218520775 0.494997829 0.112658530 0.249495044 -0.014991828 0.961683750
1341846330.048192 -1.456566811 0.224736780 0.500079036 0.109392211 0.252974302 -0.012506854 0.961187243
1341846330.080418 -1.452077746 0.206193626 0.499554992 0.105388448 0.252342850 -0.009535148 0.961834431
1341846330.115886 -1.451944113 0.199863404 0.495933771 0.110043801 0.253474504 -0.009401320 0.961016536
1341846330.147839 -1.457116485 0.197045580 0.499074548 0.110320330 0.253866434 -0.007104876 0.960901022
1341846330.181257 -1.459221244 0.198530823 0.495540947 0.104811177 0.253327638 -0.003267915 0.961680353
1341846330.215852 -1.450238228 0.191408157 0.495110542 0.098826855 0.253353119 -0.002782925 0.962308526
1341846330.247833 -1.456862450 0.182719707 0.498686880 0.096501179 0.254551232 -0.002479126 0.962229252
1341846330.283913 -1.461772561 0.204577506 0.498250842 0.095470838 0.254354328 0.000342420 0.962387204
1341846330.316011 -1.466450334 0.185860112 0.497017026 0.087268546 0.254280150 0.000401839 0.963185191
1341846330.347868 -1.468216658 0.179351732 0.495993674 0.085067183 0.252573818 0.000239372 0.963830888
1341846330.383835 -1.458029151 0.176746517 0.493708014 0.083548337 0.250873327 0.001106864 0.964407086
1341846330.415934 -1.464668512 0.157261223 0.498988330 0.081215754 0.253194302 -0.000848922 0.963999987
1341846330.452561 -1.466348767 0.163170204 0.498688221 0.085231058 0.252217561 -0.001831995 0.963908017
1341846330.483903 -1.466247678 0.170182213 0.495156556 0.086586282 0.249367937 0.000813572 0.964529872
1341846330.515970 -1.472550631 0.167329952 0.497922838 0.086550720 0.248112887 0.003701660 0.964849889
1341846330.552099 -1.470498562 0.164075702 0.493431568 0.088352509 0.246280938 0.005155048 0.965149283
1341846330.583876 -1.470734000 0.173336804 0.491176307 0.088526033 0.245273367 0.005774169 0.965386391
1341846330.619992 -1.489346504 0.171484411 0.494501770 0.082013272 0.246747017 0.005161616 0.965589523
1341846330.652136 -1.487034559 0.167828813 0.488822699 0.075559191 0.244778723 0.006389990 0.966609240
1341846330.683796 -1.483589768 0.165272295 0.484829873 0.071238190 0.243728444 0.007723843 0.967192829
1341846330.719991 -1.504946113 0.146948963 0.488193274 0.067135483 0.244347423 0.008108702 0.967326939
1341846330.752103 -1.507040977 0.145153522 0.485363185 0.070023283 0.239725754 0.011550520 0.968243241
1341846330.787952 -1.514996409 0.151056647 0.481985390 0.072327763 0.234966278 0.014845291 0.969195127
1341846330.819823 -1.510939837 0.151956201 0.477411568 0.071989067 0.229924589 0.014657095 0.970431566
1341846330.852208 -1.512653351 0.157178164 0.473859072 0.071833387 0.227909327 0.016002880 0.970897138
1341846330.914111 -1.528972268 0.171647266 0.474616826 0.063202910 0.226438597 0.016792659 0.971827686
1341846330.949903 -1.526276827 0.157484874 0.474526286 0.059051499 0.224901929 0.018475169 0.972414911
1341846330.981986 -1.525582314 0.158694625 0.468680680 0.060171455 0.218820199 0.019174181 0.973719418
1341846331.014111 -1.531400442 0.169738084 0.473226398 0.061183859 0.216076434 0.019586716 0.974260688
1341846331.082139 -1.535366893 0.165915564 0.461562127 0.061735153 0.212920159 0.015865644 0.974988222
1341846331.114334 -1.538110375 0.170592830 0.459876150 0.061653052 0.210597336 0.015788913 0.975499094
1341846331.149989 -1.539352298 0.154429659 0.462523013 0.060128059 0.210496753 0.014268772 0.975639403
1341846331.181954 -1.545457959 0.158162773 0.457911491 0.063597307 0.210226133 0.012136970 0.975506604
1341846331.218151 -1.554872632 0.169413507 0.450348347 0.063675828 0.207027063 0.013883510 0.976162136
1341846331.249914 -1.542120337 0.158316851 0.456234574 0.060384888 0.205199406 0.011890564 0.976783276
1341846331.318141 -1.531632066 0.163117319 0.453167647 0.070441686 0.214150012 0.005743080 0.974240661
1341846331.349926 -1.530840874 0.166110843 0.454061717 0.069363073 0.217159554 0.004988520 0.973655879
1341846331.382003 -1.518230081 0.137562811 0.438217252 0.069950551 0.222852603 0.005502017 0.972323716
1341846331.418008 -1.526243806 0.147194386 0.430070996 0.077521652 0.232587799 0.004621418 0.969469965
1341846331.450327 -1.512620568 0.164487422 0.441300571 0.082084209 0.236177608 0.003109113 0.968231738
1341846331.486219 -1.517520785 0.164166659 0.474449724 0.081030376 0.240418866 0.003036004 0.967276454
1341846331.518344 -1.506814837 0.158051640 0.466764867 0.078830078 0.240363494 0.002663867 0.967473090
1341846331.550202 -1.499331236 0.164657593 0.482987642 0.082746051 0.245837644 -0.000875257 0.965772331
1341846331.586139 -1.501483321 0.167751417 0.486045301 0.084178746 0.246692553 0.000915833 0.965430439
1341846331.617931 -1.498851657 0.163508892 0.489065886 0.082303584 0.247277215 0.000822854 0.965442657
1341846331.654027 -1.482668400 0.160044730 0.499337524 0.083621047 0.249234185 0.001098281 0.964825690
1341846331.686123 -1.483380795 0.175717026 0.508256257 0.087876298 0.251763254 0.002566325 0.963787615
1341846331.717954 -1.480977297 0.187680781 0.520454407 0.085527629 0.250904918 0.003011062 0.964221299
1341846331.754076 -1.470757127 0.167763948 0.518235803 0.081266664 0.251415968 0.002053273 0.964459240
1341846331.785920 -1.461206794 0.172110915 0.530245841 0.084804587 0.253974110 -0.000063310 0.963486016
1341846331.818053 -1.460349560 0.180569351 0.542655230 0.085853755 0.256039768 0.000559672 0.962846041
1341846331.853849 -1.449746370 0.170721948 0.549307346 0.083600357 0.255967706 -0.000172113 0.963063657
1341846331.885987 -1.436200500 0.172812432 0.558473647 0.086676881 0.258038104 -0.003034188 0.962233961
1341846331.922014 -1.434563994 0.176658511 0.563333750 0.088236071 0.261301488 -0.003707742 0.961208701
1341846331.954037 -1.429058075 0.171163931 0.564087331 0.087562762 0.263861597 -0.001957465 0.960575879
1341846331.986135 -1.441937566 0.174908787 0.577837288 0.092154339 0.272685945 -0.002431480 0.957676411
1341846332.022364 -1.442927837 0.167875931 0.596710503 0.098499313 0.278226554 -0.005505889 0.955435812
1341846332.054175 -1.415692091 0.161563337 0.597170174 0.104101099 0.274115264 -0.002325680 0.956043124
1341846332.086502 -1.401614428 0.166671127 0.613940120 0.107871838 0.273612380 -0.001139308 0.955771267
1341846332.122051 -1.397878885 0.170301825 0.628388345 0.109427176 0.274941266 -0.004813090 0.955201507
1341846332.153983 -1.399385214 0.181198597 0.637422025 0.107688501 0.275257409 -0.005821365 0.955302417
1341846332.190165 -1.396319032 0.179387063 0.650979578 0.100144424 0.274515629 -0.006407261 0.956332266
1341846332.254145 -1.376770616 0.161628693 0.675271571 0.099548444 0.274075210 -0.008369362 0.956505597
1341846332.289948 -1.372310996 0.162903652 0.684054673 0.101990409 0.273339272 -0.005759293 0.956478119
1341846332.322172 -1.367056489 0.158081576 0.692701817 0.102559380 0.272944927 -0.004719610 0.956535637
1341846332.354003 -1.352289557 0.153213054 0.691684842 0.104303211 0.273876786 -0.007555847 0.956062436
1341846332.390180 -1.347725153 0.164936334 0.696579099 0.105882607 0.278211743 -0.010410562 0.954609275
1341846332.422055 -1.344626904 0.166489899 0.709904432 0.103385568 0.281014115 -0.012953925 0.954030752
1341846332.458114 -1.339963675 0.162218869 0.722896993 0.101944126 0.284235805 -0.016420655 0.953177750
1341846332.489993 -1.350127935 0.168238938 0.738161266 0.103825182 0.287857443 -0.015279292 0.951905966
1341846332.522130 -1.350402355 0.172982514 0.754917800 0.105198875 0.284698904 -0.009793299 0.952776909
1341846332.558114 -1.333249927 0.163070172 0.760970175 0.106485866 0.277139157 -0.001312852 0.954909980
1341846332.589874 -1.324233174 0.181042641 0.755713642 0.109005094 0.273294777 0.001682241 0.955732703
1341846332.621889 -1.314882994 0.185672835 0.764629424 0.105394684 0.272870332 0.004378207 0.956250310
1341846332.658202 -1.304780841 0.181477159 0.772324681 0.101220161 0.273219079 0.004264545 0.956602156
1341846332.690001 -1.299149871 0.183174789 0.780540287 0.099752225 0.274137914 0.006774934 0.956479013
1341846332.726000 -1.304826975 0.173024476 0.792267621 0.097674184 0.274791718 0.008410669 0.956492841
1341846332.758386 -1.305567741 0.174394965 0.787949979 0.098370969 0.272144228 0.008592885 0.957176507
1341846332.789937 -1.303770661 0.175287038 0.781866133 0.096407622 0.273159772 0.007237349 0.957098246
1341846332.825925 -1.294003487 0.175929323 0.801240563 0.094322443 0.276153684 0.006831890 0.956449568
1341846332.857898 -1.273107767 0.179208845 0.817659795 0.095934570 0.276682824 0.005628715 0.956144094
1341846332.894069 -1.261168003 0.188867003 0.820185483 0.096561149 0.275294483 0.006740171 0.956474483
1341846332.926029 -1.252912402 0.191623420 0.817281961 0.092487864 0.275225759 0.005875417 0.956902444
1341846332.958015 -1.244042397 0.195118695 0.829990983 0.089376926 0.278067410 0.003787454 0.956386983
1341846332.994073 -1.236763239 0.196777940 0.831575632 0.086867586 0.278412402 0.005727914 0.956508160
1341846333.026545 -1.230362535 0.194817036 0.837275624 0.083346695 0.279874295 0.004473342 0.956401408
1341846333.057998 -1.223823547 0.199095353 0.843070447 0.082339413 0.282773137 0.002017257 0.955644071
1341846333.094024 -1.217252731 0.190982729 0.846576989 0.082469925 0.283811986 0.006426194 0.955305278
1341846333.126095 -1.203957558 0.200002193 0.852025390 0.085074261 0.284467787 0.008174458 0.954868376
1341846333.161973 -1.202395797 0.201858610 0.852510095 0.083463661 0.287374854 0.010326119 0.954118907
1341846333.195660 -1.211582303 0.198634237 0.855205715 0.080753900 0.290830672 0.012575337 0.953277647
1341846333.226331 -1.193440080 0.205475613 0.859857619 0.080590792 0.289501309 0.012107595 0.953702092
1341846333.262056 -1.190088272 0.215660572 0.864699960 0.077825941 0.290253103 0.010637498 0.953720689
1341846333.294147 -1.187462687 0.210755259 0.870627999 0.073645428 0.290707588 0.010846933 0.953911901
1341846333.326100 -1.182330132 0.209462240 0.868824184 0.071574174 0.288813174 0.011205068 0.954640567
1341846333.362100 -1.179840326 0.217416957 0.869683444 0.068637006 0.288206398 0.010038737 0.955052555
1341846333.394119 -1.179555774 0.215875059 0.874903142 0.065768540 0.287705392 0.010477227 0.955400646
1341846333.429974 -1.175524354 0.211730093 0.872073293 0.063917592 0.285236537 0.011383532 0.956255794
1341846333.462115 -1.171263099 0.205054834 0.871114314 0.062462810 0.285010517 0.010257876 0.956432045
1341846333.494040 -1.166591167 0.213007361 0.874594867 0.064860210 0.285821289 0.008245886 0.956049860
1341846333.529953 -1.192427278 0.209953606 0.881119370 0.065160781 0.292005152 0.007196195 0.954167306
1341846333.562063 -1.205118299 0.211076930 0.893521547 0.066734143 0.296919614 0.009229580 0.952523053
1341846333.594090 -1.216791749 0.210763603 0.902376592 0.065263078 0.298006594 0.011857064 0.952256382
1341846333.629994 -1.194060922 0.226856604 0.895007432 0.063545197 0.291600019 0.010422871 0.954370379
1341846333.662127 -1.174959064 0.228746146 0.882927060 0.060414899 0.286811411 0.010086920 0.956026971
1341846333.697964 -1.170975208 0.216077447 0.878118455 0.057416756 0.285982996 0.012207316 0.956435084
1341846333.730092 -1.171834707 0.215616614 0.876390040 0.060177907 0.286244571 0.012014971 0.956189454
1341846333.762089 -1.176906586 0.216049016 0.874351621 0.062055308 0.287335664 0.012887399 0.955730796
1341846333.798006 -1.180080295 0.213811800 0.873622775 0.063193470 0.288083017 0.011889197 0.955444098
1341846333.830055 -1.183221936 0.215846747 0.869412899 0.065621324 0.289565355 0.008984079 0.954863906
1341846333.866045 -1.187819481 0.214597598 0.867032528 0.065990746 0.290897071 0.008006927 0.954442322
1341846333.897987 -1.191680908 0.209902823 0.865300834 0.066866264 0.291158348 0.006500430 0.954313099
1341846333.930099 -1.191324592 0.207760707 0.858160615 0.069032796 0.291220844 0.004961366 0.954149008
1341846333.965889 -1.197316766 0.209754974 0.855860114 0.071484715 0.292478710 0.004181366 0.953587234
1341846333.997985 -1.196338177 0.208826348 0.843709767 0.074614078 0.291788399 0.003205361 0.953562796
1341846334.030076 -1.215896606 0.211357728 0.845183134 0.078121834 0.295440137 0.002670297 0.952158093
1341846334.066000 -1.232121706 0.211779743 0.849474490 0.080362186 0.297331065 0.003678244 0.951379299
1341846334.097932 -1.246240973 0.218089908 0.851626098 0.083502799 0.299268484 0.002004839 0.950506032
1341846334.133884 -1.258529186 0.221121222 0.859047830 0.085788406 0.302033693 0.001180919 0.949428618
1341846334.166115 -1.275132656 0.220066875 0.866087496 0.085959837 0.303333849 0.001675866 0.948997736
1341846334.198072 -1.244234443 0.212583423 0.826398134 0.084226236 0.293628603 0.001780815 0.952200174
1341846334.234097 -1.241421342 0.214505821 0.820686340 0.084456570 0.293269843 0.000466370 0.952291846
1341846334.266045 -1.256364703 0.211853877 0.821882069 0.084300183 0.296435684 0.001114425 0.951324463
1341846334.297946 -1.265127897 0.211250454 0.813796520 0.085672617 0.294590503 0.002616045 0.951771975
1341846334.334036 -1.266457677 0.213374391 0.810529590 0.086364023 0.292594880 0.002509725 0.952325165
1341846334.365871 -1.270996332 0.217175812 0.803817213 0.085809231 0.292714179 0.001148786 0.952341318
1341846334.401845 -1.276983023 0.217509210 0.799650013 0.084084161 0.293770462 0.000430677 0.952170491
1341846334.433864 -1.289512873 0.212209016 0.795849860 0.083762802 0.293364048 0.000863395 0.952323854
1341846334.466105 -1.294365525 0.217380553 0.790625095 0.085114531 0.291713059 0.001648514 0.952710032
1341846334.502142 -1.303098679 0.220093191 0.789363801 0.084242314 0.290893227 0.002872832 0.953035235
1341846334.540153 -1.304527998 0.216106698 0.779309452 0.082653746 0.288894176 0.001862317 0.953784645
1341846334.602351 -1.325688481 0.230806738 0.773936391 0.077470176 0.286831379 -0.004870253 0.954831183
1341846334.670161 -1.336678863 0.223032206 0.764295399 0.069626503 0.284876347 -0.009695897 0.955983102
1341846334.702085 -1.341279745 0.215360478 0.747604012 0.067323387 0.281414688 -0.007717325 0.957190573
1341846334.734751 -1.344756484 0.217999011 0.739714444 0.068289168 0.278415829 -0.006410907 0.958008468
1341846334.770889 -1.351384878 0.219412655 0.728905320 0.069176771 0.276282072 -0.003240699 0.958578289
1341846334.802194 -1.361081600 0.220592394 0.714176297 0.068521485 0.273586929 -0.002209086 0.959400952
1341846334.833908 -1.358738780 0.220164329 0.704935610 0.067509279 0.270782769 -0.003326352 0.960264683
1341846334.869874 -1.366430759 0.221294925 0.700350106 0.065913618 0.270716727 -0.002687260 0.960396111
1341846334.902006 -1.386644721 0.219317645 0.708578169 0.064285934 0.271314591 -0.002910150 0.960337102
1341846334.938010 -1.389433265 0.217731237 0.701035500 0.063230246 0.267813206 -0.003943751 0.961385727
1341846334.970032 -1.387944579 0.219415307 0.690113842 0.063435048 0.265976250 -0.004033280 0.961881697
1341846335.002203 -1.402094960 0.213150725 0.688115060 0.064516328 0.267435938 -0.003075243 0.961408496
1341846335.037880 -1.418644428 0.220244944 0.682903588 0.068504758 0.265153766 -0.001873692 0.961767733
1341846335.069990 -1.419496179 0.223330289 0.674929619 0.068541341 0.261941701 -0.002698836 0.962642968
1341846335.106038 -1.422141671 0.221001834 0.661828697 0.068107687 0.262653768 -0.004161180 0.962474465
1341846335.138045 -1.432283640 0.220040932 0.658664823 0.069608822 0.264146239 -0.005086656 0.961954057
1341846335.169900 -1.445642471 0.224612206 0.648416519 0.069707677 0.261887699 -0.005520245 0.962561846
1341846335.206091 -1.447243810 0.224184066 0.644799590 0.068063103 0.260284036 -0.008170705 0.963095486
1341846335.239365 -1.450237036 0.222021312 0.633547366 0.067652352 0.260922641 -0.009929615 0.962935090
1341846335.269948 -1.459936857 0.221384361 0.626124203 0.069016233 0.262475014 -0.010804504 0.962406874
1341846335.305972 -1.470271230 0.220157981 0.618678570 0.070676178 0.261005312 -0.010551838 0.962688863
1341846335.338012 -1.471446753 0.221319139 0.612767398 0.072793268 0.259296954 -0.009845142 0.963000178
1341846335.374005 -1.470246792 0.218058661 0.604251742 0.077515125 0.260407507 -0.010430380 0.962325633
1341846335.406025 -1.478633523 0.222662881 0.600744486 0.085197158 0.263055444 -0.010155578 0.960957944
1341846335.438079 -1.484189510 0.232034296 0.591021121 0.091864541 0.263077497 -0.008135756 0.960356712
1341846335.473998 -1.489014864 0.241558865 0.585492611 0.095222495 0.264738321 -0.008437638 0.959570348
1341846335.507038 -1.493693233 0.247893691 0.579260051 0.095888875 0.267285556 -0.011135878 0.958769917
1341846335.538040 -1.502094507 0.248455495 0.575561047 0.094228573 0.270070940 -0.012798440 0.958133042
1341846335.574119 -1.514535069 0.250849873 0.568359494 0.091714501 0.270247042 -0.011353667 0.958345532
1341846335.605970 -1.517326713 0.245722935 0.561256826 0.089627683 0.269303560 -0.011605239 0.958805442
1341846335.641978 -1.520127296 0.247942314 0.547990620 0.090295091 0.270176470 -0.014218800 0.958462000
1341846335.673993 -1.531676650 0.250269741 0.542592764 0.089830317 0.271315306 -0.013748270 0.958190799
1341846335.706178 -1.539958239 0.250942886 0.530734122 0.089462660 0.270029575 -0.013014430 0.958598554
1341846335.741982 -1.539422035 0.251338273 0.524648666 0.089937121 0.269162744 -0.013565524 0.958790243
1341846335.773960 -1.550478816 0.249969766 0.512912989 0.088976681 0.270356923 -0.013474518 0.958545089
1341846335.806271 -1.557162762 0.263454765 0.505301952 0.088310488 0.269568622 -0.014020074 0.958820939
1341846335.842031 -1.561005473 0.257276952 0.500088513 0.085774325 0.270415902 -0.013180345 0.958824515
1341846335.873966 -1.569194794 0.251855671 0.487696975 0.085572720 0.272457927 -0.012911570 0.958267868
1341846335.910005 -1.576306462 0.263971865 0.486453891 0.086888626 0.271878839 -0.012091370 0.958324671
1341846335.941936 -1.587680578 0.255460024 0.476148248 0.084677115 0.270593643 -0.009859154 0.958911717
1341846335.974198 -1.591663599 0.258811116 0.466668844 0.084129907 0.269747227 -0.013001263 0.959160924
1341846336.010032 -1.601384878 0.257974625 0.453851104 0.082817964 0.269726396 -0.014533434 0.959258914
1341846336.042129 -1.614535809 0.255355954 0.448144197 0.081606984 0.268949389 -0.013407797 0.959597230
1341846336.078076 -1.619273186 0.253705800 0.438984483 0.081222005 0.266896546 -0.014243175 0.960190833
1341846336.110739 -1.620317340 0.263787657 0.437931150 0.082449742 0.266603023 -0.016455673 0.960132360
1341846336.142002 -1.629690051 0.260998666 0.430271745 0.082099728 0.266307175 -0.014664616 0.960273445
1341846336.183953 -1.632665753 0.263472676 0.425065935 0.081927545 0.263026297 -0.013634943 0.961207151
1341846336.241891 -1.647078276 0.268186629 0.410793990 0.079940192 0.263377666 -0.014793649 0.961261153
1341846336.277946 -1.654386163 0.264560252 0.411159754 0.081073299 0.263415933 -0.012219672 0.961191893
1341846336.309977 -1.668204665 0.264572531 0.394043863 0.084325671 0.261388659 -0.010255201 0.961488426
1341846336.346143 -1.654823542 0.279081404 0.349995464 0.087718472 0.255824745 -0.008336931 0.962699175
1341846336.377975 -1.601735830 0.290031314 0.314703614 0.089972891 0.246147767 -0.009970653 0.964995742
1341846336.410032 -1.564583421 0.295392454 0.277153105 0.091106795 0.238545686 -0.010107157 0.966795444
1341846336.446041 -1.516845465 0.303553939 0.244667888 0.091246881 0.228391096 -0.009505711 0.969237447
1341846336.477990 -1.476115823 0.309165329 0.219049960 0.090946659 0.220803991 -0.009068916 0.971026301
1341846336.510056 -1.421069860 0.315111339 0.192389071 0.092032909 0.211891353 -0.010636915 0.972892046
1341846336.546024 -1.363813639 0.313653588 0.172750324 0.093411610 0.201758802 -0.009118169 0.974927962
1341846336.578003 -1.315294147 0.319734067 0.148432583 0.093484372 0.192821190 -0.008451504 0.976733983
1341846336.614020 -1.268913746 0.322971135 0.123702958 0.092444539 0.185637474 -0.010391514 0.978204846
1341846336.645982 -1.214064240 0.324339420 0.096592098 0.090957426 0.177290052 -0.011457316 0.979879439
1341846336.678036 -1.220879555 0.322317928 0.088492230 0.089063518 0.175303698 -0.009872206 0.980427921
1341846336.714024 -1.220870733 0.316607714 0.088197082 0.090086050 0.172835276 -0.010354863 0.980767727
1341846336.746016 -1.227347374 0.313460380 0.087834418 0.094064184 0.170911908 -0.008970718 0.980744958
1341846336.778014 -1.244753838 0.324707448 0.081080303 0.097931042 0.167774573 -0.007019083 0.980924070
1341846336.820006 -1.227320790 0.328424901 0.053751539 0.098704435 0.161428288 -0.003627995 0.981929302
1341846336.882056 -1.254644394 0.326643884 0.065332472 0.101158865 0.161483824 -0.006950433 0.981652439
1341846336.914273 -1.228902459 0.322971046 0.050982073 0.103399985 0.155004263 -0.004821623 0.982475877
1341846336.945998 -1.190648317 0.330597073 0.029118095 0.110116422 0.145949766 -0.005128973 0.983131170
1341846336.981980 -1.180594087 0.347600639 0.003740186 0.113411278 0.142198995 -0.008768092 0.983280480
1341846337.014238 -1.146141052 0.354292184 0.006868307 0.110548317 0.137958124 -0.010384324 0.984194517
1341846337.046017 -1.134349942 0.350543499 -0.011376325 0.106882252 0.136153013 -0.014024189 0.984805524
1341846337.082104 -1.143692851 0.348101676 -0.034312915 0.105071798 0.136425003 -0.017376905 0.984909236
1341846337.114317 -1.123887539 0.353554726 -0.050102234 0.103069492 0.133643925 -0.018399712 0.985483348
1341846337.150037 -1.088377118 0.354041666 -0.038287632 0.101503000 0.130118594 -0.019628370 0.986093879
1341846337.181873 -1.058860302 0.356128603 -0.034723371 0.101073787 0.128880009 -0.021841645 0.986254036
1341846337.214073 -1.045006156 0.368771493 -0.063480966 0.098444611 0.130105481 -0.024287401 0.986301899
1341846337.250087 -1.021495581 0.361577392 -0.052811421 0.095914759 0.127438784 -0.022610640 0.986938953
1341846337.282028 -1.002462506 0.363312304 -0.067350842 0.097317830 0.121274784 -0.019806920 0.987638354
1341846337.317920 -0.986979544 0.369366020 -0.081096798 0.097256817 0.120047867 -0.020237727 0.987785459
1341846337.350018 -0.975048959 0.370743096 -0.088261887 0.095950931 0.119912639 -0.019714646 0.987940133
1341846337.382159 -0.966242731 0.368509144 -0.111736730 0.092057109 0.120420471 -0.022224974 0.988195539
1341846337.417941 -0.962453127 0.364504933 -0.112505369 0.093084961 0.120413922 -0.022409938 0.988095939
1341846337.450137 -0.960691929 0.365803629 -0.123738110 0.093512334 0.118091084 -0.020375211 0.988379896
1341846337.482096 -0.956459641 0.363712251 -0.121631496 0.092010476 0.117697701 -0.019534990 0.988584697
1341846337.518008 -0.956145227 0.360238105 -0.116636373 0.092930399 0.117401175 -0.019969629 0.988525212
1341846337.549978 -0.957248867 0.369108081 -0.124115691 0.093250304 0.116533279 -0.021553388 0.988564551
1341846337.585971 -0.952376783 0.365934670 -0.123561338 0.090239882 0.115701377 -0.021715388 0.988938093
1341846337.617903 -0.950040340 0.354579508 -0.115400314 0.091067344 0.115383156 -0.021782348 0.988897860
1341846337.650141 -0.952704728 0.360229403 -0.123480320 0.093719311 0.114806168 -0.022396037 0.988703549
1341846337.686352 -0.955786526 0.368098319 -0.126550063 0.092109680 0.115474686 -0.021859083 0.988788962
1341846337.718002 -0.944839418 0.365532041 -0.115987375 0.090528607 0.115284175 -0.021095466 0.988973796
1341846337.749920 -0.940093935 0.370532304 -0.112836361 0.090505220 0.117252186 -0.021638872 0.988732815
1341846337.786157 -0.941080809 0.375845283 -0.111194730 0.087624811 0.120390333 -0.021079460 0.988627195
1341846337.817945 -0.931605935 0.371254653 -0.105474159 0.085556500 0.121861026 -0.018592693 0.988678098
1341846337.854071 -0.933498502 0.375860453 -0.102671921 0.084323436 0.125662610 -0.019769529 0.988285184
1341846337.885951 -0.937436402 0.377134144 -0.095639065 0.081042707 0.129114762 -0.021731365 0.988073468
1341846337.918223 -0.932541192 0.377659768 -0.093008980 0.076317549 0.130041286 -0.022778297 0.988304615
1341846337.954120 -0.929306626 0.373249173 -0.081433311 0.073894694 0.131552875 -0.022169854 0.988302529
1341846337.985994 -0.928437412 0.383715063 -0.083873272 0.071577616 0.132604480 -0.021959042 0.988337219
1341846338.018107 -0.920317292 0.378604203 -0.074068747 0.068192095 0.134188950 -0.020672902 0.988390565
1341846338.054055 -0.919605613 0.384147167 -0.072044119 0.065978557 0.136000678 -0.021182332 0.988282323
1341846338.085986 -0.908739388 0.381814331 -0.061482854 0.062542073 0.138872087 -0.020082355 0.988129437
1341846338.121875 -0.905511379 0.378062338 -0.050123993 0.060848914 0.141162366 -0.017891951 0.987952709
1341846338.154089 -0.910172760 0.376891106 -0.048610397 0.060555656 0.141897708 -0.014627696 0.987919092
1341846338.186029 -0.892262995 0.373849154 -0.045057535 0.059523519 0.140204608 -0.011742644 0.988261998
1341846338.222071 -0.889536560 0.380728930 -0.041332126 0.058740087 0.141942039 -0.012797679 0.988047779
1341846338.254107 -0.886534095 0.373067498 -0.027810521 0.056593008 0.143820733 -0.011708267 0.987914860
1341846338.290130 -0.895600557 0.373522639 -0.014845088 0.057375930 0.145173311 -0.010734893 0.987682939
1341846338.321952 -0.882272780 0.377719373 -0.010925935 0.058235053 0.144515544 -0.008323289 0.987752318
1341846338.354022 -0.873453498 0.375901759 0.001259610 0.057814036 0.144771084 -0.007817087 0.987743795
1341846338.389969 -0.872498274 0.377950013 0.007064189 0.057360042 0.145937473 -0.006803191 0.987606108
1341846338.422377 -0.867280543 0.374226332 0.018965784 0.055450130 0.146300822 -0.006764600 0.987661719
1341846338.454010 -0.872062981 0.381723315 0.023374697 0.054859720 0.146863878 -0.008359075 0.987598896
1341846338.489894 -0.864306509 0.376833677 0.033992153 0.053164303 0.146237358 -0.007619835 0.987790585
1341846338.522066 -0.856176257 0.374390513 0.045765035 0.053827424 0.146347314 -0.008031595 0.987735093
1341846338.558058 -0.855388641 0.378805071 0.047690891 0.053054005 0.146356076 -0.008305213 0.987773418
1341846338.589842 -0.846979797 0.378247499 0.062623240 0.051056672 0.146127313 -0.008640056 0.987909615
1341846338.622019 -0.842002034 0.375300825 0.067323804 0.052291092 0.146943390 -0.007943105 0.987729847
1341846338.657984 -0.829246104 0.376028061 0.077301092 0.052463911 0.145340890 -0.004933069 0.987977386
1341846338.690198 -0.828274071 0.374264717 0.081393972 0.050074998 0.145101011 -0.005661991 0.988132656
1341846338.722454 -0.825234056 0.373725802 0.093457013 0.049881358 0.146969303 -0.006184116 0.987863243
1341846338.757945 -0.822393775 0.374526680 0.097327247 0.050144602 0.146207407 -0.003437852 0.987976313
1341846338.790039 -0.816698134 0.374481529 0.110009938 0.048212867 0.144620314 -0.002879314 0.988307774
1341846338.826048 -0.801853716 0.373957574 0.119130850 0.048653405 0.144476369 -0.004446527 0.988301396
1341846338.858027 -0.799822628 0.375464708 0.123356946 0.048232932 0.145956978 -0.004926449 0.988102198
1341846338.889902 -0.797804594 0.372869730 0.128913388 0.045204654 0.145025149 -0.004769995 0.988383293
1341846338.925948 -0.793318272 0.372637689 0.136812404 0.044811215 0.146039069 -0.007139646 0.988237619
1341846338.958108 -0.791333377 0.369805008 0.147110939 0.044592023 0.148645088 -0.007186322 0.987858593
1341846338.990057 -0.786782384 0.368694067 0.154669732 0.045388758 0.148451790 -0.006257715 0.987857699
1341846339.025928 -0.783534169 0.369648367 0.162298545 0.047901575 0.149578080 -0.006750373 0.987565815
1341846339.057939 -0.772945881 0.369623542 0.178627893 0.050412565 0.151478082 -0.007643508 0.987144649
1341846339.093927 -0.767072022 0.369727373 0.185983285 0.048915014 0.150089681 -0.004580453 0.987451017
1341846339.126562 -0.762952864 0.372906357 0.193902656 0.045944035 0.149446443 -0.005627756 0.987685800
1341846339.157969 -0.754848957 0.375823796 0.208621964 0.044155359 0.153093621 -0.008196935 0.987190723
1341846339.194113 -0.748772085 0.374033928 0.216627449 0.041815396 0.153336704 -0.005738616 0.987272203
1341846339.228165 -0.738881707 0.380920678 0.229890153 0.039487407 0.150838658 -0.003092104 0.987764657
1341846339.257998 -0.725338459 0.377305031 0.238635391 0.036665455 0.150882900 -0.002768829 0.987867594
1341846339.294132 -0.721378326 0.375818938 0.241697386 0.036343999 0.153086841 -0.001163227 0.987543523
1341846339.326577 -0.713609338 0.375708967 0.247816101 0.031839751 0.149591938 0.005008350 0.988222361
1341846339.362269 -0.707357526 0.380909264 0.257273436 0.028331392 0.148726389 0.001008541 0.988471985
1341846339.394725 -0.703059137 0.382028610 0.265602529 0.027742228 0.151066661 0.000667007 0.988134027
1341846339.462186 -0.691799581 0.382551253 0.282153398 0.024748566 0.150038823 -0.000347205 0.988370240
1341846339.496743 -0.680390835 0.376312941 0.288275778 0.026804015 0.153428718 -0.001995335 0.987794101
1341846339.562052 -0.670539856 0.370584756 0.301858425 0.028001726 0.155537218 0.000861870 0.987432718
1341846339.595122 -0.659564674 0.374998212 0.309045464 0.030773005 0.156118050 -0.001046176 0.987258375
1341846339.632085 -0.657064676 0.374272346 0.313233525 0.031618416 0.160181344 -0.003432827 0.986575127
1341846339.664568 -0.651925325 0.372033864 0.320872933 0.031499624 0.163016438 -0.005138654 0.986106992
1341846339.698896 -0.643760562 0.369404346 0.333451271 0.031094208 0.164022803 -0.005462081 0.985951245
1341846339.731977 -0.638424814 0.367695093 0.339633584 0.031351633 0.164215267 -0.006979336 0.985901475
1341846339.762241 -0.633816302 0.360882491 0.346190423 0.030942872 0.165624887 -0.006530771 0.985681653
1341846339.797873 -0.629401922 0.362550139 0.351638973 0.031564694 0.165829688 -0.005361455 0.985634565
1341846339.830245 -0.619399309 0.361637771 0.360405475 0.031690519 0.164853320 -0.005084874 0.985795796
1341846339.862015 -0.618420899 0.364620954 0.364835113 0.031755093 0.165536344 -0.006094471 0.985673487
1341846339.897797 -0.610879302 0.363043427 0.370333433 0.030633027 0.166331246 -0.006102370 0.985575140
1341846339.929916 -0.605634093 0.356022894 0.380716115 0.030017493 0.167332783 -0.004050928 0.985435128
1341846339.961960 -0.599380136 0.354400814 0.385454118 0.031602293 0.166333467 -0.003465894 0.985556960
1341846339.997845 -0.593276083 0.354752898 0.388138503 0.032769296 0.167139471 -0.004492554 0.985378325
1341846340.029925 -0.585979223 0.355265439 0.399601698 0.034581956 0.169535786 -0.003427051 0.984911203
1341846340.066044 -0.583086014 0.350299537 0.401424050 0.036228005 0.170451477 -0.001680327 0.984698474
1341846340.098009 -0.583623648 0.354758650 0.407942981 0.037646025 0.171876639 -0.002670398 0.984395385
1341846340.130102 -0.579964578 0.352495342 0.411090910 0.036599327 0.171725169 -0.002630047 0.984461367
1341846340.166041 -0.572042167 0.351679891 0.417604119 0.037605766 0.173706800 -0.005398422 0.984064341
1341846340.197867 -0.570420623 0.356088907 0.426195174 0.039417811 0.176541343 -0.005950950 0.983485699
1341846340.229904 -0.568153977 0.354544133 0.427785665 0.037727688 0.176113352 -0.005136147 0.983633220
1341846340.265859 -0.562530100 0.349457115 0.435342342 0.036892194 0.177319437 -0.005729486 0.983444989
1341846340.298061 -0.560727656 0.349867910 0.439849615 0.039326224 0.179883376 -0.004945151 0.982889116
1341846340.334063 -0.561705470 0.352369577 0.445719600 0.038729738 0.179209188 -0.002916344 0.983044088
1341846340.366064 -0.550732911 0.344853163 0.451050729 0.036170594 0.176417187 -0.003263024 0.983645260
1341846340.397995 -0.546492100 0.344942033 0.451620698 0.038200710 0.176916376 -0.004148596 0.983475566
1341846340.433895 -0.544030845 0.343994856 0.455343276 0.038901970 0.176512852 -0.002800107 0.983525336
1341846340.465959 -0.545916975 0.340101331 0.459280461 0.039164592 0.174697578 -0.001220117 0.983842254
1341846340.501858 -0.537288725 0.342902154 0.458984435 0.040303085 0.170426890 -0.002564271 0.984542429
1341846340.534329 -0.525257587 0.346225351 0.463128060 0.041339971 0.168250114 -0.003391340 0.984871328
1341846340.566041 -0.519650340 0.343396902 0.464986801 0.042544581 0.167002916 -0.002894458 0.985033810
1341846340.601909 -0.524130404 0.341687411 0.455456346 0.044740386 0.166877300 -0.002643575 0.984958529
1341846340.634005 -0.520305574 0.346899301 0.449387878 0.045808457 0.165676802 -0.004412840 0.985105753
1341846340.666028 -0.518671632 0.345033050 0.446979523 0.045079395 0.166339993 -0.006412630 0.985016704
1341846340.701946 -0.515351474 0.345158130 0.445375770 0.046928495 0.167593628 -0.008850107 0.984698832
1341846340.733954 -0.514494300 0.348451376 0.440807998 0.048006002 0.169290200 -0.010552167 0.984339893
1341846340.770081 -0.514171541 0.346839041 0.440379828 0.046496645 0.169754714 -0.012358035 0.984311342
1341846340.801980 -0.511266589 0.345207721 0.439388305 0.045473482 0.171023205 -0.017790211 0.984056294
1341846340.833999 -0.510528326 0.350884318 0.438762754 0.045231480 0.173619211 -0.021753909 0.983533144
1341846340.870013 -0.513825357 0.346307278 0.438897491 0.043045353 0.174037233 -0.022632072 0.983537495
1341846340.901955 -0.510472775 0.345702380 0.436649770 0.044182021 0.173145309 -0.022599604 0.983645260
1341846340.933918 -0.512833834 0.343737274 0.434628725 0.046102628 0.172485113 -0.020457767 0.983719945
1341846340.970122 -0.514433384 0.343892813 0.429194629 0.047988448 0.169081792 -0.015810816 0.984306097
1341846341.001922 -0.511396885 0.344385177 0.430361450 0.050436266 0.164473161 -0.011419883 0.985025108
1341846341.037923 -0.507094920 0.347896606 0.428255975 0.052514583 0.161320940 -0.010169638 0.985451341
1341846341.070300 -0.513473034 0.344090164 0.422197998 0.052242968 0.161144808 -0.009609627 0.985500276
1341846341.102028 -0.518739045 0.343839496 0.418271214 0.051888742 0.160074428 -0.009283596 0.985696495
1341846341.137982 -0.519578040 0.344855964 0.417307585 0.052167535 0.158638209 -0.009662482 0.985910356
1341846341.170048 -0.521184444 0.344248205 0.416208178 0.052861981 0.158306003 -0.008763498 0.985935152
1341846341.202110 -0.524313748 0.342928886 0.412199765 0.054525401 0.158137441 -0.007362511 0.985883117
1341846341.237996 -0.521792769 0.343659192 0.412696987 0.056562148 0.157936051 -0.007188422 0.985801876
1341846341.269883 -0.523853898 0.340819746 0.405658752 0.057134617 0.158259138 -0.006539671 0.985721588
1341846341.306107 -0.521516979 0.342691779 0.402675450 0.057931833 0.157018796 -0.007388275 0.985867321
1341846341.338109 -0.522070706 0.341695070 0.398233950 0.058232438 0.157586336 -0.009692704 0.985739112
1341846341.370120 -0.523845315 0.343231589 0.400945842 0.058592107 0.159121662 -0.011986437 0.985445917
1341846341.406074 -0.524264395 0.338189691 0.400732249 0.057980470 0.159148395 -0.011836061 0.985479593
1341846341.438113 -0.524588048 0.333592594 0.399140835 0.058919869 0.157245994 -0.011634162 0.985731602
1341846341.470024 -0.518651724 0.336474329 0.398006260 0.061773121 0.156314939 -0.014091880 0.985672951
1341846341.506077 -0.526369572 0.345069855 0.401373744 0.062448304 0.158423945 -0.015498506 0.985272527
1341846341.538156 -0.529382288 0.339017212 0.403602362 0.060776867 0.156848311 -0.014941318 0.985637605
1341846341.574016 -0.526644528 0.340584934 0.400038391 0.062044334 0.154157639 -0.014309487 0.985992551
1341846341.612466 -0.530469716 0.343318433 0.397407800 0.062758878 0.153821155 -0.014022029 0.986003995
1341846341.612466 -0.531021476 0.343546033 0.396744907 0.062784836 0.153870910 -0.014068552 0.985993922
1341846341.643972 -0.532435119 0.346476853 0.399514228 0.062080294 0.152576864 -0.014739904 0.986229718
1341846341.679982 -0.532927990 0.342642665 0.395051330 0.061346006 0.150930852 -0.014287082 0.986535549
1341846341.712332 -0.539158106 0.344752252 0.393401891 0.062772311 0.149313718 -0.012133701 0.986720800
1341846341.744185 -0.537458360 0.343721449 0.392417014 0.063020013 0.146969169 -0.010996671 0.987070203
1341846341.780061 -0.538745761 0.345884830 0.390769422 0.063917741 0.146419212 -0.009769778 0.987107158
1341846341.842595 -0.537726700 0.340244621 0.384988576 0.066636279 0.144971132 -0.004846636 0.987177551
1341846341.906227 -0.537068725 0.333155543 0.379747391 0.070080929 0.143588573 -0.000115616 0.987152994
1341846341.942069 -0.534616470 0.329248726 0.374307245 0.073426582 0.142832622 0.001268118 0.987018645
1341846341.974775 -0.533083856 0.330165327 0.373773903 0.077157155 0.142025009 0.002868833 0.986847222
1341846342.010161 -0.537361026 0.330263644 0.375133872 0.078184031 0.141176149 0.004436203 0.986882389
1341846342.042024 -0.531222999 0.321958810 0.369235575 0.078933783 0.139572546 0.004150585 0.987052083
1341846342.080032 -0.529901743 0.328180820 0.365994632 0.081910603 0.141892537 0.003953530 0.986479402
1341846342.080032 -0.529575706 0.328393966 0.366079718 0.081991084 0.141812474 0.003975421 0.986484110
1341846342.112265 -0.537522316 0.325330585 0.368768692 0.082277104 0.143260986 0.005241975 0.986245036
1341846342.147954 -0.535166860 0.318293363 0.366363436 0.084439822 0.141357869 0.007741465 0.986320436
1341846342.179852 -0.531051219 0.323343158 0.361140728 0.088193163 0.141120449 0.008855592 0.986016572
1341846342.211848 -0.525331855 0.323466539 0.356513649 0.088931397 0.140808344 0.008960866 0.985993862
1341846342.247920 -0.522745192 0.320300370 0.356602818 0.089529969 0.140674099 0.007517248 0.985970914
1341846342.279870 -0.520549059 0.319228530 0.354114354 0.090983771 0.140902802 0.008151684 0.985800147
1341846342.316068 -0.522280514 0.319475621 0.351244152 0.092431635 0.141015381 0.009059750 0.985641420
1341846342.347894 -0.526750028 0.323028475 0.350100011 0.093001008 0.141782001 0.008057260 0.985486567
1341846342.379953 -0.529086649 0.324639499 0.349190086 0.093350269 0.142793953 0.007503149 0.985311806
1341846342.416195 -0.528634489 0.322392493 0.350600272 0.093844131 0.142696038 0.009107472 0.985265553
