1341846226.817920 0.000000000 0.000000000 0.000000000 -0.000000000 -0.000000000 -0.000000000 1.000000000
1341846226.850323 0.004350594 0.001275352 0.001998447 0.001143857 -0.000532637 -0.002184930 0.999996841
1341846226.881894 0.007755785 0.001611791 0.003415399 0.001496311 0.000457026 -0.003074582 0.999994040
1341846226.917980 0.004500487 -0.000285193 0.003512821 0.000351124 -0.000457101 -0.002760813 0.999996006
1341846226.950000 0.004893764 -0.003957190 0.006655361 0.000966355 -0.002777377 -0.002204536 0.999993265
1341846226.985981 0.004776649 -0.003096825 0.004482981 0.002758801 -0.003396987 -0.002863762 0.999986351
1341846227.017919 0.001334480 0.000520435 0.002290944 0.002913642 -0.003658355 -0.003555294 0.999982774
1341846227.050040 0.005777433 -0.003283484 0.005515480 0.002342106 -0.004776044 -0.004105309 0.999977410
1341846227.085982 0.005635776 -0.001207845 0.003869055 0.003315232 -0.004537222 -0.005064978 0.999971390
1341846227.118052 0.006956331 -0.000194382 0.006503721 0.003893932 -0.004604756 -0.005245384 0.999968052
1341846227.149935 0.005795085 -0.001655718 0.003975711 0.004394023 -0.004860767 -0.005011746 0.999966025
1341846227.186053 0.001998610 0.001859423 0.002570837 0.004424961 -0.005289635 -0.006114627 0.999957561
1341846227.218443 0.007481426 -0.000200756 0.006589658 0.003185618 -0.006394548 -0.007406319 0.999947071
1341846227.253944 0.009973872 -0.003959151 0.007592634 0.004100148 -0.006338543 -0.009090287 0.999930203
1341846227.285981 0.005862877 -0.004469560 0.005644649 0.005170288 -0.006438523 -0.010191791 0.999913990
1341846227.320064 0.004988877 -0.003262583 0.004289923 0.005360768 -0.007992675 -0.011296078 0.999889910
1341846227.353969 0.004214187 -0.002714962 0.001732702 0.005931387 -0.009688444 -0.013559192 0.999843538
1341846227.385846 0.000857355 0.001178053 0.000112083 0.005721041 -0.011634229 -0.015020302 0.999803126
1341846227.418015 -0.002736872 -0.000212112 -0.000409163 0.003912311 -0.014642061 -0.017090211 0.999739110
1341846227.453997 0.000169898 0.000089149 0.001154743 0.002624129 -0.017556410 -0.020863118 0.999624789
1341846227.485981 0.001904993 -0.001071512 0.003896498 0.001696176 -0.018750710 -0.023601126 0.999544203
1341846227.521976 0.003319540 -0.004658955 0.003433740 0.001374627 -0.020805292 -0.023458203 0.999507368
1341846227.553980 0.005722465 -0.007728542 0.006945682 0.002795118 -0.023600945 -0.024269307 0.999422908
1341846227.586047 0.010887949 -0.005119554 0.003785652 0.004648322 -0.024796661 -0.027712347 0.999297559
1341846227.622081 0.011516895 -0.002892141 0.004385889 0.004301837 -0.023982227 -0.031381644 0.999210477
1341846227.653945 0.008235982 -0.008280809 0.005121078 0.003538148 -0.023979856 -0.030815210 0.999231160
1341846227.686038 0.009612811 -0.015878413 0.007241007 0.005677078 -0.024977559 -0.031226447 0.999184072
1341846227.721966 0.019747050 -0.012060286 0.004078314 0.008768162 -0.024219485 -0.031969965 0.999156952
1341846227.754130 0.016720738 -0.015193189 0.006698149 0.009493195 -0.020669537 -0.031730406 0.999237597
1341846227.789951 0.017031755 -0.015318945 0.005223079 0.011039968 -0.018690061 -0.030193508 0.999308348
1341846227.821920 0.016306475 -0.015804021 0.002879336 0.011405000 -0.016532447 -0.029686898 0.999357462
1341846227.854275 0.017311433 -0.015700402 0.003715211 0.011679024 -0.014552856 -0.029947482 0.999377310
1341846227.889935 0.017228136 -0.017365491 0.002992824 0.011825357 -0.012843656 -0.029170591 0.999422014
1341846227.921967 0.019119512 -0.018969484 0.003708051 0.011609926 -0.012229023 -0.027996086 0.999465823
1341846227.958123 0.021608349 -0.015306355 0.003909575 0.012354082 -0.011048524 -0.029191207 0.999436438
1341846227.989985 0.019146940 -0.014275650 0.001730593 0.011270894 -0.008297496 -0.030741168 0.999429405
1341846228.021937 0.025363192 -0.024491888 0.004689045 0.010381120 -0.008485765 -0.028628863 0.999500215
1341846228.058222 0.025770070 -0.026086291 0.005138511 0.012664199 -0.008267390 -0.027371051 0.999511003
1341846228.090097 0.034031399 -0.014246739 0.002429926 0.013768064 -0.008154822 -0.027793976 0.999485672
1341846228.121845 0.032583222 -0.013560059 0.004818967 0.010459753 -0.005845074 -0.026596196 0.999574482
1341846228.157875 0.027347971 -0.016158922 0.004850029 0.007782293 -0.005209997 -0.022889020 0.999694169
1341846228.189872 0.027906796 -0.010892826 0.003859280 0.006135087 -0.005851259 -0.021499541 0.999732971
1341846228.225994 0.029649042 -0.018061265 0.008213986 0.003381423 -0.006127078 -0.022489816 0.999722660
1341846228.258336 0.026990332 -0.021120265 0.010496096 0.003781068 -0.006412044 -0.023116965 0.999705136
1341846228.289941 0.028668614 -0.022088075 0.010459816 0.004111211 -0.007032028 -0.021960611 0.999725640
1341846228.326018 0.035220094 -0.018769270 0.010727535 0.005312250 -0.007281343 -0.022334754 0.999709964
1341846228.358243 0.031113688 -0.016558411 0.007622718 0.005930191 -0.004778691 -0.022753008 0.999712110
1341846228.389779 0.029946353 -0.019640293 0.007660256 0.005039700 -0.004255763 -0.021324556 0.999750853
1341846228.426073 0.038744982 -0.021542633 0.009693414 0.005302796 -0.004723842 -0.021283412 0.999748290
1341846228.493915 0.031284895 -0.022020735 0.003562317 0.005471436 -0.001327786 -0.019838238 0.999787390
1341846228.525907 0.033984028 -0.025027841 0.003009443 0.004324177 -0.002650687 -0.018777614 0.999810874
1341846228.558208 0.036989402 -0.020240728 0.005126531 0.005269368 -0.002464179 -0.018472942 0.999812484
1341846228.593899 0.031502306 -0.020993406 0.002442020 0.005277298 -0.001380455 -0.019047299 0.999803722
1341846228.626021 0.029307745 -0.017353456 -0.000495137 0.005744456 -0.002652278 -0.017972501 0.999818444
1341846228.658069 0.029741872 -0.013089195 -0.001229046 0.005372050 -0.003742241 -0.017656237 0.999822736
1341846228.693942 0.035413947 -0.012002164 0.001749490 0.004698352 -0.003595946 -0.018507985 0.999811232
1341846228.726069 0.035688981 -0.012054604 0.001746239 0.004074987 -0.002267951 -0.018109405 0.999825180
1341846228.762090 0.036315154 -0.019504642 -0.001076121 0.002864650 -0.002586549 -0.015151653 0.999877810
1341846228.794000 0.038558360 -0.017329736 -0.000900765 0.004491164 -0.003472510 -0.014171341 0.999883533
1341846228.825934 0.041969594 -0.013895404 -0.002869551 0.005799976 -0.003141107 -0.013780472 0.999883354
1341846228.862015 0.034824308 -0.016019028 -0.004896842 0.005676173 -0.002225381 -0.012031089 0.999909043
1341846228.893856 0.035692051 -0.014230321 -0.005015220 0.006228941 -0.003463485 -0.011663949 0.999906600
1341846228.926548 0.037650805 -0.010252723 -0.004220891 0.007023739 -0.003504533 -0.012581867 0.999890089
1341846228.961940 0.044322010 -0.009220733 -0.002607024 0.006689240 -0.003733296 -0.011990367 0.999898791
1341846228.994040 0.041895732 -0.008650772 -0.003163721 0.005757920 -0.003282359 -0.011505228 0.999911845
1341846229.029897 0.043990970 -0.014529394 0.002161035 0.005038958 -0.003759059 -0.011414216 0.999915123
1341846229.061870 0.048525292 -0.013649907 0.001457501 0.006487684 -0.004156197 -0.011190709 0.999907732
1341846229.094829 0.049098521 -0.008981509 0.000107124 0.007178224 -0.003534944 -0.009660688 0.999921322
1341846229.129930 0.045876063 -0.008098659 -0.000304335 0.006683479 -0.002458774 -0.009086101 0.999933422
1341846229.161882 0.049937256 -0.010502233 -0.001772921 0.005949421 -0.002670228 -0.010208299 0.999926627
1341846229.197882 0.048897114 -0.013646091 0.000120798 0.005763584 -0.002481777 -0.010186632 0.999928474
1341846229.229812 0.058738850 -0.022662213 -0.001410979 0.005845501 -0.005039685 -0.009130958 0.999928534
1341846229.261994 0.051512770 -0.018864719 -0.002353029 0.007605311 -0.004172704 -0.010711254 0.999905050
1341846229.297920 0.048801538 -0.018484762 -0.005441380 0.007682323 -0.004025800 -0.011672352 0.999894261
1341846229.329933 0.047700495 -0.018696720 -0.006089647 0.007555756 -0.004699123 -0.011946110 0.999889076
1341846229.361996 0.056351509 -0.021084370 -0.001600921 0.007458191 -0.006487332 -0.010984060 0.999890864
1341846229.398029 0.057204235 -0.024137530 0.000001067 0.009677657 -0.006278299 -0.010763053 0.999875546
1341846229.430182 0.052880812 -0.024444824 -0.002415475 0.012322116 -0.005978488 -0.010650148 0.999849498
1341846229.471963 0.048746616 -0.018653708 -0.005591090 0.013808825 -0.005400797 -0.010862901 0.999831080
1341846229.530149 0.054638471 -0.019862775 -0.007436780 0.015193801 -0.005538795 -0.008388406 0.999834061
1341846229.566064 0.056313936 -0.021194220 -0.004652018 0.015228165 -0.005668646 -0.006883034 0.999844372
1341846229.630063 0.057156127 -0.018285139 -0.003354142 0.019004550 -0.003552212 -0.004064264 0.999804854
1341846229.665946 0.053326603 -0.019215183 -0.007343172 0.018064892 -0.002602030 -0.003312363 0.999827981
1341846229.698150 0.064080298 -0.027122838 -0.003596577 0.018140744 -0.004104651 -0.001280312 0.999826193
1341846229.733828 0.064129770 -0.022582566 -0.002445234 0.022200827 -0.002347538 -0.001418560 0.999749780
1341846229.765937 0.056162335 -0.022431759 -0.010264633 0.022251651 0.000225258 -0.001577961 0.999751210
1341846229.798002 0.050884668 -0.019853186 -0.010246621 0.020747174 0.001119236 -0.001971337 0.999782264
1341846229.833857 0.065052517 -0.025385950 -0.003562286 0.020012179 -0.000877650 -0.001831440 0.999797702
1341846229.865928 0.060416371 -0.028128739 -0.003470651 0.021123426 0.000720976 -0.002241414 0.999774158
1341846229.897926 0.054071542 -0.019559667 -0.005857286 0.021860242 0.002153340 -0.003347063 0.999753177
1341846229.939857 0.044959605 -0.013591873 -0.006520427 0.020887153 0.003824724 -0.004319466 0.999765277
1341846230.002061 0.037336010 -0.012195936 -0.007946470 0.017704513 0.006120686 -0.005610264 0.999808788
1341846230.033858 0.044465613 -0.014447650 -0.002553989 0.014863010 0.004643670 -0.005562611 0.999863327
1341846230.065938 0.048900396 -0.016271664 -0.004530760 0.014432018 0.004536419 -0.003799963 0.999878347
1341846230.103878 0.049177513 -0.015140224 -0.004021778 0.014518496 0.005420020 -0.002714337 0.999876261
1341846230.103878 0.048858088 -0.014935467 -0.004704113 0.014571692 0.005485159 -0.002671512 0.999875247
1341846230.144719 0.052828994 -0.017213486 -0.004065968 0.013066091 0.004881402 -0.002100201 0.999900520
1341846230.172747 0.053767603 -0.019556552 -0.003309210 0.012690334 0.005354346 -0.000773343 0.999904931
1341846230.208544 0.046590757 -0.017844897 -0.006876576 0.013826411 0.007112470 0.000301525 0.999879062
1341846230.271971 0.048464846 -0.018974787 -0.004053284 0.012624172 0.006839020 0.000663096 0.999896705
1341846230.334051 0.046662390 -0.016919397 -0.006027648 0.017265903 0.007752039 0.001617947 0.999819577
1341846230.370031 0.048966046 -0.020549135 -0.005057212 0.018605130 0.008354701 0.000421360 0.999791980
1341846230.401932 0.050250653 -0.022678263 -0.005976810 0.020358579 0.009233844 0.000181799 0.999750137
1341846230.437965 0.051164892 -0.022575082 -0.004454382 0.022222159 0.009640621 -0.000860964 0.999706268
1341846230.469920 0.046177477 -0.017372945 -0.006547857 0.024140382 0.010926538 -0.002571134 0.999645591
1341846230.501933 0.045685541 -0.010890358 -0.008449129 0.024927378 0.011084192 -0.004046649 0.999619663
1341846230.537834 0.045022868 -0.011001485 -0.007984105 0.024429496 0.010633682 -0.002557006 0.999641776
1341846230.569803 0.069809571 -0.036494419 -0.009806452 0.022220453 0.006226155 -0.003390636 0.999727964
1341846230.601945 0.081675015 -0.029769449 -0.012799035 0.025295401 0.003697099 -0.002163811 0.999670863
1341846230.637789 0.100549251 -0.028524317 -0.016935652 0.026657766 -0.000247621 -0.001264993 0.999643803
1341846230.670057 0.117064171 -0.029537043 -0.020043271 0.025525523 -0.003582760 -0.002356601 0.999665022
1341846230.705937 0.121319845 -0.037114654 -0.008527468 0.023362456 -0.004814059 -0.003828021 0.999708176
1341846230.737932 0.071163766 -0.033960775 -0.011118465 0.024911329 0.003119637 -0.003710888 0.999677896
1341846230.769960 0.087067656 -0.030083789 -0.008054321 0.026823277 0.000405545 -0.002067255 0.999637961
1341846230.805852 0.101685375 -0.028112251 -0.005809289 0.027681151 -0.002161247 -0.001970704 0.999612510
1341846230.837804 -0.018117018 -0.065753229 -0.015921503 0.020622214 0.015932184 -0.007152410 0.999634802
1341846230.869829 0.001291094 -0.064090244 -0.012201253 0.022060152 0.013256401 -0.006147689 0.999649942
1341846230.905851 0.020362187 -0.056385126 -0.007227159 0.023922365 0.009878868 -0.006204023 0.999645770
1341846230.937917 0.055242140 -0.038275644 -0.014846718 0.026937259 0.003286092 -0.004892240 0.999619782
1341846230.973933 0.069244251 -0.043501556 -0.007063811 0.026965750 0.001054390 -0.005440267 0.999621034
1341846231.006047 0.081849806 -0.035248637 -0.007957365 0.029455619 -0.000822323 -0.003289353 0.999560356
1341846231.037936 0.087457053 -0.030383827 -0.002150735 0.030165786 -0.002437536 -0.003826756 0.999534667
1341846231.074310 0.091837950 -0.026134381 0.002278691 0.030713683 -0.003685447 -0.004654904 0.999510586
1341846231.106085 0.092791475 -0.038142990 -0.006078494 0.030474951 -0.004100666 -0.003181525 0.999522090
1341846231.138083 0.102124766 -0.036806230 -0.009723628 0.031628530 -0.006078577 -0.002734776 0.999477446
1341846231.174011 0.100932196 -0.033288050 -0.005826629 0.032062080 -0.006360586 -0.003741245 0.999458671
1341846231.205909 0.098732233 -0.035207525 -0.004433432 0.032738138 -0.005976039 -0.004709612 0.999435008
1341846231.241869 0.094472282 -0.035686556 -0.012720223 0.033978291 -0.005281747 -0.003595723 0.999402165
1341846231.273832 0.107482038 -0.033118803 -0.014039706 0.034389921 -0.007697550 -0.003685592 0.999372065
1341846231.305846 0.109593183 -0.032810114 -0.011039665 0.035821028 -0.008265303 -0.003693079 0.999317288
1341846231.341923 0.097482219 -0.027487341 -0.017267022 0.036118928 -0.006635702 -0.004663740 0.999314606
1341846231.410022 0.087028675 -0.040553018 -0.015073789 0.031753685 -0.005662738 -0.004791187 0.999468207
1341846231.442103 0.094982922 -0.034369010 -0.011767273 0.032745961 -0.007280783 -0.003591732 0.999430776
1341846231.484245 0.081595980 -0.031358477 -0.006522100 0.033280227 -0.005871629 -0.003540774 0.999422550
1341846231.484245 0.078973398 -0.032875307 -0.006145960 0.033070404 -0.005459610 -0.003414800 0.999432325
1341846231.516816 0.076336898 -0.029404804 -0.008981364 0.032602120 -0.004914308 -0.005100302 0.999443412
1341846231.547853 0.073868938 -0.035273507 -0.021905728 0.029375382 -0.003935006 -0.005610571 0.999544978
1341846231.583898 0.076806039 -0.038042169 -0.019600173 0.025797704 -0.002619955 -0.008040719 0.999631464
1341846231.615993 0.069696896 -0.042704836 -0.016099866 0.023425924 0.000192329 -0.010414670 0.999671340
1341846231.648015 0.076760091 -0.050971013 -0.003763350 0.024507448 -0.001023074 -0.012311574 0.999623299
1341846231.683822 0.083262414 -0.028267121 -0.006770575 0.033315483 -0.003784685 -0.013940057 0.999340534
1341846231.716153 0.085700229 -0.053485550 -0.002250492 0.036126956 -0.004858986 -0.011598362 0.999268115
1341846231.747846 0.092400841 -0.048468862 -0.009435733 0.040555008 -0.007506794 -0.012505850 0.999070942
1341846231.783993 0.088270925 -0.053879566 -0.011763088 0.040629908 -0.007628599 -0.012158180 0.999071240
1341846231.817027 0.087282464 -0.061425354 -0.013946073 0.038876195 -0.007519202 -0.011815348 0.999145925
1341846231.852317 0.080205217 -0.055029236 -0.017331619 0.039093796 -0.006821875 -0.012477442 0.999134362
1341846231.909867 0.079466477 -0.042482693 -0.010209708 0.036837846 -0.009290886 -0.010991109 0.999217629
1341846231.945837 0.078728013 -0.042878702 -0.002847806 0.036742032 -0.009614977 -0.009849365 0.999230027
1341846231.978027 0.091090880 -0.044903696 -0.005462260 0.036294650 -0.012037173 -0.009948179 0.999219179
1341846232.009966 0.089934349 -0.034406949 -0.010312183 0.036602937 -0.012285834 -0.010569480 0.999198496
1341846232.045845 0.069492191 -0.048312191 -0.013230581 0.033816203 -0.010825785 -0.008984442 0.999329031
1341846232.077961 0.074750394 -0.040851668 -0.009697212 0.035891201 -0.012621388 -0.008471664 0.999240100
1341846232.109864 0.083465792 -0.041106503 -0.010538710 0.035719924 -0.014389887 -0.009496056 0.999213159
1341846232.145999 0.084140748 -0.036952518 -0.011782490 0.036058500 -0.014276609 -0.010736960 0.999190032
1341846232.178314 0.078760944 -0.031566065 -0.008978889 0.036570404 -0.013279027 -0.010956634 0.999182820
1341846232.215951 0.069158047 -0.037148226 -0.012411375 0.036148869 -0.011502839 -0.010197912 0.999228179
1341846232.252037 0.080001220 -0.046173587 -0.009950794 0.035341915 -0.013144600 -0.008148381 0.999255598
1341846232.283944 0.085738048 -0.046050917 -0.009484533 0.035669405 -0.014213643 -0.006881736 0.999238908
1341846232.319867 0.084776372 -0.040483240 -0.007942182 0.037003636 -0.013703926 -0.006129231 0.999202371
1341846232.351854 0.089162663 -0.032755964 -0.010280862 0.036223322 -0.014035961 -0.007118626 0.999219835
1341846232.383877 0.082850844 -0.030470861 -0.012484208 0.034218594 -0.013004204 -0.009283013 0.999286652
1341846232.419782 0.076537549 -0.052676771 -0.008359774 0.029879155 -0.013044225 -0.010430150 0.999413967
1341846232.451780 0.075722538 -0.057091702 -0.010531666 0.030194741 -0.013388807 -0.010256165 0.999401748
1341846232.484170 0.069735810 -0.057158340 -0.008387196 0.031464443 -0.011769733 -0.010578971 0.999379635
1341846232.519889 0.074223451 -0.057778798 -0.011441995 0.032225955 -0.012782360 -0.009457636 0.999354124
1341846232.551877 0.095809512 -0.043386690 -0.007972628 0.034969974 -0.016312843 -0.008805391 0.999216437
1341846232.583846 0.082087137 -0.047024615 -0.004404581 0.035834827 -0.013701482 -0.009125451 0.999222159
1341846232.619798 0.066190682 -0.049343482 -0.006833162 0.037699059 -0.010754013 -0.007835619 0.999200583
1341846232.651799 0.087191559 -0.044311799 -0.004124135 0.039318714 -0.013620623 -0.008737219 0.999095678
1341846232.688092 0.067669511 -0.048957761 -0.003184848 0.040134199 -0.010348476 -0.008826314 0.999101698
1341846232.719804 0.039850991 -0.049739819 -0.009641720 0.042307578 -0.005503885 -0.008625148 0.999052286
1341846232.751767 0.092104748 -0.049578827 -0.005528607 0.044293065 -0.012331776 -0.010171992 0.998890698
1341846232.787894 0.055329219 -0.058463741 -0.000468151 0.044727206 -0.005693628 -0.010356857 0.998929322
1341846232.819886 0.011020803 -0.061078306 -0.003979920 0.046635732 0.002010396 -0.010130906 0.998858631
1341846232.855850 0.124055743 -0.057830442 -0.009420945 0.049217410 -0.013997806 -0.012275432 0.998614609
1341846232.887989 0.080237724 -0.060966935 -0.003866672 0.050426714 -0.006561941 -0.012045619 0.998633623
1341846232.919822 0.068238437 -0.060874969 -0.001187502 0.051154025 -0.005075138 -0.013978338 0.998580039
1341846232.955993 0.018381413 -0.057158478 0.012437479 0.052811924 0.003064665 -0.014153978 0.998499513
1341846232.987965 0.110436566 -0.044734724 0.000893605 0.054738559 -0.010261339 -0.014584067 0.998341501
1341846233.023868 0.060183264 -0.048332475 0.013778551 0.052548759 -0.000490529 -0.012945171 0.998534381
1341846233.055880 0.117326371 -0.050870724 -0.005370815 0.050518267 -0.007460629 -0.013949062 0.998597860
1341846233.087872 0.068197764 -0.058288660 0.004383805 0.048374817 0.000835607 -0.014414406 0.998724878
1341846233.124060 0.079901174 -0.058465455 0.000439881 0.049505863 -0.002671988 -0.016200922 0.998638868
1341846233.155902 0.035393011 -0.061578631 0.003924061 0.051101960 0.002797621 -0.015870959 0.998563409
1341846233.218177 0.013807235 -0.049230106 -0.002866239 0.057329472 0.004910492 -0.019099861 0.998160541
1341846233.249926 -0.041465048 -0.049533181 0.008503815 0.055409022 0.013803815 -0.022162050 0.998122334
1341846233.286015 0.220919445 -0.054562334 0.009353817 0.054829966 -0.026634963 -0.024637608 0.997836292
1341846233.317870 0.192263186 -0.053792488 0.022351159 0.055807829 -0.021157686 -0.024059970 0.997927368
1341846233.349815 0.242418215 -0.059964079 0.011118477 0.055639561 -0.028499218 -0.023925764 0.997757316
1341846233.385857 0.220134050 -0.062455196 0.017951185 0.055355109 -0.025904313 -0.021799576 0.997892618
1341846233.417990 0.243814945 -0.054643322 0.009196595 0.056313749 -0.029668622 -0.022776490 0.997712314
1341846233.453822 0.283570260 -0.047364745 0.007727743 0.058283623 -0.036824677 -0.021304462 0.997393191
1341846233.485912 0.290074795 -0.053619213 0.003545931 0.058437873 -0.038406838 -0.022314351 0.997302413
1341846233.517954 0.310301155 -0.054474294 0.002591749 0.058434915 -0.042380083 -0.024224039 0.997097075
1341846233.553882 0.306704223 -0.058471106 0.004781850 0.057761982 -0.043006483 -0.024678607 0.997098327
1341846233.585968 0.213512972 -0.058988996 0.017410744 0.058871273 -0.029913384 -0.023743058 0.997534871
1341846233.621898 0.216430977 -0.058214340 0.016910659 0.060086232 -0.030224141 -0.023286002 0.997463822
1341846233.654396 0.218789458 -0.048291590 0.015705960 0.061438721 -0.029360844 -0.023979245 0.997390747
1341846233.685848 0.214363396 -0.050311673 0.014491805 0.060231458 -0.027719034 -0.024628429 0.997495532
1341846233.721879 0.218151703 -0.049917679 0.015292501 0.059571516 -0.027804414 -0.024379984 0.997538924
1341846233.753961 0.213732615 -0.051767528 0.016195489 0.058931503 -0.026840542 -0.024247026 0.997606516
1341846233.822009 0.213767305 -0.051097598 0.014108339 0.057535980 -0.025410417 -0.022938218 0.997756422
1341846233.853971 0.211386681 -0.051592793 0.013461440 0.056353569 -0.024994791 -0.022696497 0.997839928
1341846233.889920 0.217138201 -0.052523639 0.013776597 0.055555210 -0.026082451 -0.023116911 0.997847199
1341846233.922045 0.209577680 -0.053854410 0.013404199 0.054276865 -0.025566861 -0.023475939 0.997922480
1341846233.953967 0.203785986 -0.051799569 0.013227926 0.054117665 -0.025535312 -0.022770984 0.997948289
1341846233.989945 0.224787340 -0.062760271 0.011341221 0.052107006 -0.030054143 -0.023753956 0.997906506
1341846234.021936 0.224329144 -0.059174299 0.009645541 0.051549923 -0.030579299 -0.024469893 0.997902215
1341846234.053904 0.223310292 -0.060446434 0.013281985 0.051091891 -0.030113116 -0.025162214 0.997922719
1341846234.089899 0.225673288 -0.059070654 0.012244877 0.051288143 -0.029830744 -0.025832687 0.997904003
1341846234.158063 0.225464255 -0.060894392 0.015884520 0.050727673 -0.029742977 -0.025383534 0.997946799
1341846234.189961 0.223672017 -0.063275695 0.014897667 0.051392533 -0.029248621 -0.024868116 0.997940361
1341846234.222130 0.227671877 -0.055110093 0.014577923 0.052357275 -0.029145526 -0.024988020 0.997890234
1341846234.257875 0.225542933 -0.060039688 0.013394122 0.050157107 -0.028453896 -0.024739712 0.998029411
1341846234.289820 0.232691586 -0.058958329 0.017224945 0.050193530 -0.028743947 -0.024299247 0.998030066
1341846234.321998 0.228798494 -0.061932016 0.017077085 0.050650787 -0.027351316 -0.025732635 0.998010159
1341846234.357904 0.225859746 -0.056727719 0.015828025 0.051812977 -0.026870018 -0.026645144 0.997939646
1341846234.389919 0.227104515 -0.066166371 0.016418463 0.050942276 -0.028021779 -0.025558226 0.997981250
1341846234.425915 0.223072603 -0.063059092 0.018657807 0.052581005 -0.028174540 -0.024732454 0.997912765
1341846234.457800 0.222459972 -0.062219381 0.013054890 0.052253965 -0.028213024 -0.024511214 0.997934282
1341846234.490016 0.228287205 -0.053793997 0.011245130 0.050791878 -0.029565195 -0.024545819 0.997969747
1341846234.525867 0.234295249 -0.055510763 0.017107915 0.049567800 -0.030508177 -0.023921687 0.998018086
1341846234.557961 0.225139037 -0.057247356 0.013882162 0.048771884 -0.029096462 -0.023212267 0.998116136
1341846234.593900 0.219868362 -0.057147056 0.012927934 0.047027983 -0.029022131 -0.021955384 0.998230517
1341846234.658173 0.232239574 -0.054033428 0.019947257 0.046628684 -0.033262864 -0.019612538 0.998165667
1341846234.694104 0.227406308 -0.052391194 0.019199487 0.046593945 -0.033728253 -0.019165985 0.998160362
1341846234.725911 0.228751183 -0.059014313 0.019890374 0.045723297 -0.035571400 -0.017789867 0.998162150
1341846234.758643 0.227114618 -0.059692036 0.022689352 0.046696231 -0.036190797 -0.017637320 0.998097539
1341846234.793907 0.227458954 -0.054549031 0.018236006 0.046713635 -0.035936378 -0.018543698 0.998089552
1341846234.826106 0.217037708 -0.054245718 0.017438045 0.045784060 -0.034165341 -0.018576035 0.998194158
1341846234.862270 0.224675268 -0.056679558 0.019911252 0.045643479 -0.035784960 -0.018227700 0.998150229
1341846234.893971 0.234207749 -0.053487968 0.023841962 0.047478776 -0.038004372 -0.017231788 0.998000324
1341846234.926031 0.231424466 -0.055187412 0.023388434 0.047790699 -0.037618116 -0.018460395 0.997978091
1341846234.961979 0.233296409 -0.054934572 0.022789991 0.048286401 -0.037950002 -0.019147670 0.997928679
1341846234.994016 0.228068069 -0.052764345 0.018752536 0.049228910 -0.037558939 -0.019697340 0.997886777
1341846235.026311 0.139062151 -0.046948459 0.006415907 0.047927745 -0.024030475 -0.015386476 0.998443186
1341846235.061915 0.136415839 -0.044064391 0.006843980 0.046908189 -0.023154099 -0.016365465 0.998496711
1341846235.094075 0.130226523 -0.047855385 0.009458612 0.045468390 -0.022028504 -0.016515149 0.998586297
1341846235.130068 0.131407619 -0.047769058 0.009892965 0.046017345 -0.022836663 -0.016135436 0.998549223
1341846235.162449 0.133253545 -0.048760973 0.011589410 0.046834029 -0.024532519 -0.014668451 0.998493671
1341846235.193917 0.135533467 -0.047718633 0.009135325 0.047959130 -0.025313534 -0.014922543 0.998417020
1341846235.229939 0.135725021 -0.045916051 0.010776805 0.049203914 -0.024665684 -0.015714269 0.998360515
1341846235.261811 0.136742711 -0.045875598 0.010824584 0.049455807 -0.025292046 -0.015985807 0.998328090
1341846235.294134 0.137957305 -0.047399633 0.010012371 0.050168298 -0.025672728 -0.016780253 0.998269796
1341846235.329890 0.135781735 -0.046694193 0.007425874 0.050362192 -0.025339203 -0.017945325 0.998248279
1341846235.361974 0.135939568 -0.044559311 0.005249433 0.048769176 -0.024501650 -0.020336827 0.998302460
1341846235.398097 0.130263597 -0.040843420 0.007375818 0.047077063 -0.023378234 -0.021773119 0.998380303
1341846235.462163 0.132527620 -0.045908507 0.010386111 0.046473235 -0.024131628 -0.022063388 0.998384237
1341846235.498142 0.131143853 -0.040728092 0.007642629 0.046376824 -0.023666518 -0.023825521 0.998359442
1341846235.529989 0.131296024 -0.042636383 0.009777299 0.045151543 -0.023960002 -0.024718737 0.998386860
1341846235.561921 0.132462993 -0.047319401 0.010683935 0.045609996 -0.024710977 -0.024836097 0.998344839
1341846235.597951 0.141025305 -0.041743077 0.010546220 0.046882611 -0.026255332 -0.024756469 0.998248398
1341846235.630160 0.132207468 -0.042035144 0.009440670 0.045676529 -0.025171397 -0.025661292 0.998309374
1341846235.667679 0.128550529 -0.045666907 0.012408678 0.046018533 -0.025185961 -0.025215290 0.998304725
1341846235.705783 0.134264320 -0.049604550 0.012153700 0.046701606 -0.026421612 -0.025318531 0.998238444
1341846235.730392 0.132894769 -0.045029517 0.009650358 0.047810405 -0.026092593 -0.026551168 0.998162508
1341846235.766032 0.134753495 -0.048350785 0.013179467 0.048574679 -0.026486086 -0.027178561 0.998098433
1341846235.797942 0.136647418 -0.044297151 0.011437920 0.050466530 -0.027180899 -0.026841041 0.997995019
1341846235.833964 0.133249551 -0.046199415 0.012260187 0.050451934 -0.026508175 -0.026749097 0.998016238
1341846235.866037 0.134802565 -0.048913091 0.009240475 0.050118960 -0.026843168 -0.025507627 0.998056650
1341846235.898007 0.137179792 -0.047559261 0.013379669 0.050838627 -0.026933862 -0.024838606 0.998034596
1341846235.934106 0.141057193 -0.046694946 0.016234426 0.053021271 -0.026885672 -0.023495279 0.997954845
1341846235.965921 0.139778435 -0.046620637 0.012174649 0.053980663 -0.025655592 -0.023351939 0.997939229
1341846235.997897 0.233769193 -0.060392436 0.016035488 0.052045655 -0.040201601 -0.027508622 0.997455955
1341846236.034072 0.237829641 -0.064463079 0.021469198 0.052139137 -0.039866816 -0.027386833 0.997467875
1341846236.065823 0.234594405 -0.063874416 0.017336167 0.053435657 -0.038899127 -0.026735803 0.997455180
1341846236.101989 0.138541594 -0.040513653 0.007641483 0.055421062 -0.023202958 -0.023074910 0.997926772
1341846236.134258 0.136524007 -0.046681561 0.010242579 0.053666320 -0.023029190 -0.022528719 0.998039126
1341846236.166269 0.138164356 -0.048308190 0.010605441 0.054339815 -0.023391712 -0.022182124 0.998002052
1341846236.202022 0.136426672 -0.040771265 0.005297689 0.054552510 -0.022495473 -0.022918660 0.997994363
1341846236.233893 0.128639981 -0.041954990 0.003694429 0.052414346 -0.021005750 -0.023360074 0.998131216
1341846236.265924 0.130784065 -0.048184399 0.009931949 0.051359363 -0.021299869 -0.021853412 0.998213887
1341846236.302018 0.138449520 -0.050536882 0.007200244 0.051496465 -0.022235235 -0.021435350 0.998195529
1341846236.333756 0.138502061 -0.046086948 0.005722354 0.052084826 -0.022019591 -0.021904144 0.998159587
1341846236.369949 0.134325892 -0.047650564 0.006862465 0.051514611 -0.020748060 -0.022602806 0.998200834
1341846236.401964 0.133234590 -0.050938711 0.005530546 0.050752006 -0.019848952 -0.022779349 0.998254180
1341846236.433828 0.134148672 -0.047676861 0.006935095 0.051591959 -0.019821091 -0.022996286 0.998206735
1341846236.469948 0.139913321 -0.049528725 0.008500649 0.052147225 -0.020293683 -0.023208944 0.998163462
1341846236.501946 0.231505617 -0.060684238 0.011913730 0.051625002 -0.034558073 -0.027069129 0.997701347
1341846236.534764 0.229902223 -0.063635990 0.010640767 0.050042499 -0.033800267 -0.026517252 0.997822702
1341846236.569956 0.230667204 -0.068134032 0.014762747 0.048987336 -0.033302676 -0.024099179 0.997953117
1341846236.601901 0.141696289 -0.049599752 0.007245079 0.052155580 -0.018295746 -0.018556718 0.998298943
1341846236.637896 0.237677172 -0.061458375 0.010141393 0.049853165 -0.033158481 -0.023717549 0.997924268
1341846236.669818 0.237858370 -0.060843609 0.009058492 0.047794979 -0.031964984 -0.025093762 0.998030245
1341846236.702100 0.130572170 -0.051704712 0.007346936 0.048587196 -0.013295434 -0.021026002 0.998509109
1341846236.738521 0.109815963 -0.097068228 0.003288965 0.046174724 -0.009494225 -0.018816547 0.998711050
1341846236.769905 0.114344418 -0.093904994 0.007030586 0.056129001 -0.011482205 -0.016102076 0.998227656
1341846236.805999 0.223696142 -0.082481131 0.011433844 0.060781017 -0.030688779 -0.020374125 0.997471213
1341846236.844067 0.224931210 -0.079953961 0.013730486 0.061050452 -0.030701103 -0.021352477 0.997433901
1341846236.844067 0.225079313 -0.079836890 0.013594035 0.061082657 -0.030714640 -0.021307396 0.997432530
1341846236.876573 0.224313334 -0.072347000 0.010276722 0.061045423 -0.030083405 -0.023141811 0.997413158
1341846236.911899 0.233908862 -0.062649868 0.011070623 0.059577517 -0.031586666 -0.024519481 0.997422516
1341846236.944484 0.226814955 -0.081787400 0.015993705 0.056650609 -0.030983577 -0.024114799 0.997621775
1341846236.975811 0.222947299 -0.086568885 0.014352080 0.057619501 -0.030549591 -0.022810675 0.997610390
1341846237.011848 0.227174193 -0.079610094 0.011071378 0.058229126 -0.030295132 -0.023494618 0.997566879
1341846237.043850 0.227686465 -0.077486508 0.012349870 0.057828218 -0.029308025 -0.024289250 0.997600615
1341846237.075882 0.219995826 -0.082306057 0.011587946 0.057720557 -0.028179273 -0.022289062 0.997686088
1341846237.111887 0.227288172 -0.094718836 0.012869255 0.058751617 -0.030554889 -0.021017218 0.997583568
1341846237.143863 0.229459047 -0.086345725 0.012754996 0.062143847 -0.031282537 -0.020204864 0.997372270
1341846237.175838 0.232969061 -0.074658997 0.008569242 0.063342720 -0.032039832 -0.019930763 0.997278273
1341846237.211847 0.226626918 -0.079792231 0.010725512 0.060609121 -0.030778293 -0.020116365 0.997484207
1341846237.243895 0.215376705 -0.091277838 0.015246128 0.059682067 -0.028169209 -0.019496465 0.997629404
1341846237.280228 0.225268632 -0.084216483 0.009390674 0.061816555 -0.029439151 -0.018288335 0.997485638
1341846237.312079 0.131575346 -0.070709333 0.000908306 0.062745638 -0.014844045 -0.011823005 0.997849107
1341846237.343828 0.128568411 -0.071452051 0.002619661 0.063103043 -0.014334651 -0.011066332 0.997842729
1341846237.379983 0.125605613 -0.068241999 -0.002550449 0.063267909 -0.013266609 -0.011090651 0.997846782
1341846237.411962 0.128342345 -0.065849952 -0.003044664 0.061959557 -0.013783659 -0.011228224 0.997920334
1341846237.443790 0.130768225 -0.067112938 -0.002357705 0.060013220 -0.014247234 -0.012596521 0.998016477
1341846237.479911 0.131921709 -0.066280514 -0.003120313 0.058797613 -0.013303730 -0.015197445 0.998065591
1341846237.511862 0.128492773 -0.060459837 -0.002273253 0.058032859 -0.013102118 -0.015117909 0.998114228
1341846237.547914 0.124165088 -0.064587824 -0.004236497 0.055954952 -0.014279822 -0.014335582 0.998228252
1341846237.579956 0.221679777 -0.075836293 0.009928474 0.054154444 -0.031419013 -0.019416293 0.997849286
1341846237.611852 0.224348262 -0.076202273 0.009482412 0.053427536 -0.032087129 -0.019216677 0.997871101
1341846237.647976 0.223667741 -0.076080456 0.009455588 0.052832261 -0.032632086 -0.018794851 0.997893155
1341846237.680417 0.227291256 -0.076644190 0.010592271 0.052452970 -0.033888016 -0.018106731 0.997884035
1341846237.711902 0.218747601 -0.078810520 0.011433278 0.052588556 -0.033394035 -0.016737496 0.997917414
1341846237.747860 0.225018069 -0.081937306 0.010338391 0.053597514 -0.034873869 -0.017145423 0.997806251
1341846237.779848 0.222794980 -0.076998234 0.009020549 0.054858681 -0.034748290 -0.017434783 0.997737050
1341846237.815934 0.218729809 -0.069370903 0.005618677 0.054685440 -0.035123363 -0.015914366 0.997758806
1341846237.847966 0.221848607 -0.070040546 0.008552996 0.053316165 -0.036846366 -0.015213631 0.997781694
1341846237.879781 0.137068942 -0.056957245 0.000828179 0.054249801 -0.023174202 -0.010617502 0.998202026
1341846237.916026 0.223337114 -0.068146415 0.006495963 0.051756345 -0.037787385 -0.015937140 0.997817338
1341846237.978064 0.139703393 -0.052904867 0.001061232 0.052918982 -0.024107356 -0.011103514 0.998246074
1341846238.010069 0.136277795 -0.052046701 -0.001831345 0.052120775 -0.023504801 -0.011528620 0.998297572
1341846238.045995 0.134218618 -0.049864661 -0.000158394 0.051066913 -0.023269884 -0.011501804 0.998357832
1341846238.077963 0.139379233 -0.051141217 0.001142906 0.049880795 -0.024204457 -0.011538061 0.998395205
1341846238.109791 0.137327567 -0.050658580 0.003190587 0.050010316 -0.023850612 -0.011883695 0.998393238
1341846238.145837 0.227669492 -0.076696992 0.010308221 0.047721051 -0.038239852 -0.016924562 0.997985005
1341846238.177943 0.137269840 -0.051462885 0.000184919 0.051661626 -0.022731200 -0.013024015 0.998320997
1341846238.209943 0.138242871 -0.048396695 -0.000217495 0.050345145 -0.022714162 -0.014029364 0.998375058
1341846238.246227 0.136659190 -0.053266473 0.002490595 0.049288817 -0.022375917 -0.014031814 0.998435318
1341846238.278227 0.135097787 -0.054263879 0.002396802 0.049524799 -0.022016082 -0.013723809 0.998435915
1341846238.345918 0.139657721 -0.054870255 0.003247715 0.049222972 -0.021538178 -0.016490018 0.998419404
1341846238.377978 0.135154605 -0.058247231 0.002837999 0.049799543 -0.021292180 -0.015669510 0.998409331
1341846238.413879 0.222548261 -0.072579175 0.010619966 0.049310997 -0.036410492 -0.020078328 0.997917652
1341846238.445979 0.133281112 -0.052369762 0.002348327 0.052175421 -0.021758689 -0.016459718 0.998265207
1341846238.478188 0.133334368 -0.056464396 0.001239041 0.051034965 -0.021477526 -0.017514672 0.998312294
1341846238.515328 0.132696345 -0.055389423 0.002452930 0.051716972 -0.021492369 -0.017623045 0.998274982
1341846238.545906 0.217785180 -0.078420721 0.009736747 0.049705707 -0.036080562 -0.022331091 0.997862160
1341846238.587827 0.230549067 -0.076574564 0.011126272 0.050773956 -0.037877645 -0.023149526 0.997723162
1341846238.645944 0.136237845 -0.049164455 0.002275319 0.052740160 -0.021564521 -0.017976636 0.998213530
1341846238.681933 0.128563732 -0.060564198 0.001220175 0.050321929 -0.020571416 -0.017714493 0.998364031
1341846238.713917 0.137523323 -0.058358319 0.004539037 0.051489245 -0.022121834 -0.016885951 0.998285770
1341846238.745925 0.223775730 -0.070452496 0.010227335 0.051001064 -0.036297418 -0.020862626 0.997820675
1341846238.781932 0.227946386 -0.066582493 0.008047387 0.050493382 -0.037259407 -0.021114010 0.997805774
1341846238.813869 0.230254710 -0.070249565 0.008968142 0.048725907 -0.037132792 -0.022174427 0.997875392
1341846238.849931 0.133739293 -0.053682279 0.005099041 0.049726840 -0.021028511 -0.017772762 0.998383343
1341846238.881927 0.131583706 -0.061659291 0.004856808 0.049074035 -0.021852966 -0.016715745 0.998416185
1341846238.914000 0.130824760 -0.065507427 0.007083934 0.050680581 -0.023677019 -0.014067837 0.998335123
1341846238.949903 0.219664291 -0.085135750 0.016026752 0.051968697 -0.039754778 -0.017511500 0.997703493
1341846239.017941 0.224810690 -0.075488552 0.010990654 0.056082368 -0.040162131 -0.021244086 0.997391880
1341846239.050041 0.218914628 -0.075676501 0.011977022 0.056115404 -0.038747057 -0.022618541 0.997415721
1341846239.081902 0.223177865 -0.076331586 0.012180188 0.056634601 -0.039485686 -0.023977475 0.997325659
1341846239.117866 0.226458311 -0.075958319 0.012751409 0.057412550 -0.039797090 -0.025173124 0.997239411
1341846239.149976 0.127898201 -0.058913331 0.001792947 0.060095601 -0.022595037 -0.020120997 0.997734070
1341846239.181897 0.126412556 -0.056871019 -0.001106128 0.059446923 -0.022188371 -0.019602759 0.997792304
1341846239.217929 0.227059036 -0.069063447 0.010560493 0.056236025 -0.039262477 -0.025136160 0.997328520
1341846239.250009 0.231547818 -0.073067091 0.011986581 0.054443341 -0.039354507 -0.025648374 0.997411370
1341846239.285917 0.223630980 -0.069192097 0.012729170 0.054015264 -0.037275769 -0.025892973 0.997508168
1341846239.318442 0.229715228 -0.062975734 0.010765064 0.053842854 -0.037685279 -0.025341608 0.997516215
1341846239.349930 0.227508008 -0.064006582 0.012643527 0.052090909 -0.036953568 -0.024812508 0.997649908
1341846239.386011 0.226335317 -0.069309734 0.011822591 0.051179398 -0.036114678 -0.024072947 0.997745931
1341846239.417983 0.228984505 -0.067827649 0.012797529 0.051567603 -0.036716368 -0.023700686 0.997712910
1341846239.450112 0.227595344 -0.062133227 0.010438087 0.051741216 -0.036472641 -0.023736777 0.997711957
1341846239.485973 0.133166656 -0.046974596 0.004372275 0.052418690 -0.020903677 -0.018529855 0.998234451
1341846239.517913 0.137452200 -0.049492240 0.003601527 0.050703414 -0.021124387 -0.017858736 0.998330653
1341846239.553979 0.132627741 -0.044965934 0.004414657 0.050483223 -0.020242153 -0.017383555 0.998368442
1341846239.585911 0.132165268 -0.045972005 0.004884441 0.049363501 -0.020102102 -0.016956115 0.998434663
1341846239.617967 0.134851575 -0.047454346 0.007279973 0.049276911 -0.020406442 -0.015755977 0.998452425
1341846239.653941 0.134079486 -0.048816863 0.006348372 0.050139051 -0.020398436 -0.015030937 0.998420775
1341846239.685852 0.141891912 -0.047896653 0.007125188 0.050398111 -0.021962173 -0.014650632 0.998380303
1341846239.717923 0.224109203 -0.058947116 0.014166589 0.048887037 -0.035991173 -0.018878030 0.997977078
1341846239.753857 0.135779336 -0.046687741 0.007513591 0.050273817 -0.021625813 -0.014028137 0.998402834
1341846239.785918 0.136794463 -0.045609970 0.005263328 0.049719334 -0.021892708 -0.013561225 0.998431265
1341846239.821950 0.131866068 -0.051495936 0.009079503 0.048605200 -0.021803671 -0.013843060 0.998484075
1341846239.854023 0.129115403 -0.048581503 0.008633644 0.050301954 -0.021685882 -0.013126399 0.998412371
1341846239.891801 0.136682972 -0.040370788 0.007038983 0.051388327 -0.022954402 -0.013811734 0.998319447
1341846239.953963 0.130455956 -0.048113514 0.010543864 0.049460780 -0.021728903 -0.014424861 0.998435497
1341846239.985997 0.134472921 -0.041325554 0.009332621 0.051166426 -0.022878487 -0.014443981 0.998323619
1341846240.022055 0.136300862 -0.049623821 0.007775893 0.049753997 -0.023486633 -0.016494758 0.998349071
1341846240.053998 0.131175458 -0.055935070 0.010744868 0.049541689 -0.022388689 -0.016951822 0.998377204
1341846240.089841 0.199465692 -0.065804124 0.013286889 0.049792040 -0.033815119 -0.021313529 0.997959495
1341846240.121795 0.233753532 -0.066377178 0.007188184 0.050302647 -0.039626356 -0.021655666 0.997712672
1341846240.159862 0.270579934 -0.067421757 0.012781791 0.051866807 -0.044562161 -0.023895090 0.997373104
1341846240.159862 0.271713257 -0.067639120 0.012971239 0.051821265 -0.044760499 -0.023806123 0.997368753
1341846240.195884 0.305904061 -0.068380386 0.012036690 0.052751217 -0.049286667 -0.025001667 0.997077346
1341846240.227927 0.212458789 -0.062281962 0.013566402 0.053534932 -0.035738640 -0.022712721 0.997667730
1341846240.290031 0.202091515 -0.065318361 0.014014697 0.054483142 -0.034633305 -0.021821016 0.997675300
1341846240.322206 0.233809844 -0.064672448 0.005316784 0.054103065 -0.039574351 -0.021783352 0.997513056
1341846240.357948 0.275119841 -0.064594612 0.007735259 0.053452659 -0.046080675 -0.022983411 0.997241795
1341846240.422212 0.107693322 -0.057713445 0.012276495 0.056035288 -0.020449083 -0.017343288 0.998068690
1341846240.458143 0.137823135 -0.056392688 0.001803975 0.056202099 -0.025036050 -0.019287704 0.997919083
1341846240.490243 0.124216311 -0.060844213 -0.002658091 0.055384241 -0.023765584 -0.017830431 0.998022974
1341846240.525976 0.170212567 -0.061533853 0.003965668 0.055968203 -0.031514816 -0.019252636 0.997749329
1341846240.557894 0.115123503 -0.057281509 0.004773709 0.057758592 -0.023217045 -0.019308614 0.997873783
1341846240.590418 0.111333624 -0.055217378 0.000005498 0.058288015 -0.022670899 -0.019980785 0.997842371
1341846240.626172 0.098376215 -0.055945851 0.001000624 0.058405004 -0.021319997 -0.019414227 0.997876465
1341846240.657964 0.085867159 -0.059113722 -0.004597025 0.058142073 -0.019719617 -0.019890755 0.997915328
1341846240.689825 0.092301458 -0.062748201 0.002621148 0.058876339 -0.021038305 -0.019883888 0.997845531
1341846240.725903 0.092030212 -0.059228439 0.005226460 0.059438992 -0.021891147 -0.021959163 0.997750282
1341846240.757973 0.124166369 -0.057237603 0.005083461 0.059852418 -0.027002743 -0.022278218 0.997593284
1341846240.794024 0.160538033 -0.057356063 0.013650388 0.061335772 -0.033145837 -0.022800755 0.997306108
1341846240.826068 0.127785310 -0.064992614 -0.004631261 0.060736548 -0.027333284 -0.020764930 0.997563422
1341846240.858147 0.160264000 -0.061871931 -0.006047892 0.060669620 -0.031984407 -0.021811904 0.997406840
1341846240.894038 0.194029719 -0.061945278 -0.001795759 0.059770193 -0.037041899 -0.022611847 0.997268379
1341846240.925975 0.099282153 -0.059432205 0.003093946 0.059355780 -0.023149261 -0.021555224 0.997735620
1341846240.958080 0.114115484 -0.061052132 0.000305860 0.058691006 -0.025507685 -0.021008885 0.997729123
1341846240.994099 0.118152015 -0.059944112 -0.002522152 0.058565453 -0.025899099 -0.020612789 0.997734666
1341846241.026041 0.136596769 -0.059578389 -0.003538413 0.059353273 -0.028901549 -0.020849403 0.997600734
1341846241.062449 0.149194613 -0.056255762 -0.004434077 0.060889989 -0.030604765 -0.021369524 0.997446358
1341846241.094372 0.034576576 -0.063118339 0.017965639 0.057997838 -0.013471112 -0.024327094 0.997929335
1341846241.126068 0.048370786 -0.062993139 0.015628207 0.057376057 -0.015859766 -0.024770964 0.997919321
1341846241.167863 0.066986501 -0.056826729 0.013278758 0.059639007 -0.018657664 -0.025691422 0.997714937
1341846241.230127 0.081820272 -0.059244540 0.005222011 0.058906171 -0.020075660 -0.025595870 0.997733414
1341846241.261868 0.095529430 -0.056313463 -0.006218525 0.059897933 -0.022803040 -0.025619773 0.997615099
1341846241.295211 0.100513369 -0.055080026 -0.005930115 0.060577847 -0.023907706 -0.025636751 0.997547805
1341846241.329804 0.115984313 -0.052025199 -0.016659629 0.060015783 -0.026692616 -0.027756114 0.997454405
1341846241.362000 0.114072666 -0.056934785 -0.000736184 0.059592273 -0.024467831 -0.026158569 0.997579992
1341846241.394012 0.127152354 -0.052504245 -0.010537123 0.060231943 -0.027065862 -0.026049523 0.997477353
1341846241.430126 0.136872485 -0.051132727 0.001989277 0.061141483 -0.027767017 -0.026150972 0.997400105
1341846241.462018 0.140213460 -0.049763937 0.001019463 0.061223168 -0.027865492 -0.026317239 0.997388005
1341846241.497907 0.105315372 -0.057639547 0.000687962 0.059670206 -0.023271380 -0.027166219 0.997577071
1341846241.529930 0.102868453 -0.056131862 -0.000028156 0.059724249 -0.022925455 -0.027185099 0.997581303
1341846241.562493 0.104173265 -0.056317944 -0.001768368 0.059163563 -0.023354825 -0.027266484 0.997602522
1341846241.598412 0.110400230 -0.055288814 -0.001310940 0.059659909 -0.024304802 -0.027220074 0.997551501
1341846241.629998 0.103206947 -0.057232242 -0.002015953 0.059489142 -0.023116844 -0.027282795 0.997588217
1341846241.662234 0.100600220 -0.058976676 0.005710529 0.059720784 -0.022292625 -0.026634064 0.997610688
1341846241.698098 0.104530476 -0.055558305 -0.001702768 0.060189456 -0.023165565 -0.027460463 0.997540236
1341846241.729805 0.067628391 -0.063141905 0.006896466 0.058984727 -0.016810542 -0.026469097 0.997766316
1341846241.765805 0.108917624 -0.059183974 -0.002414489 0.059463650 -0.023745520 -0.027536361 0.997568071
1341846241.797970 0.071193114 -0.057770271 -0.001357425 0.060323860 -0.018634507 -0.028216878 0.997605920
1341846241.830240 0.105329439 -0.056867599 -0.001455669 0.060725603 -0.023485124 -0.028504763 0.997471035
1341846241.865867 0.059741575 -0.049901642 -0.000115338 0.061515898 -0.016769789 -0.027517688 0.997585773
1341846241.898156 0.123289600 -0.063691266 -0.002891958 0.059690356 -0.025706923 -0.027242340 0.997513950
1341846241.929917 0.078557707 -0.056493223 -0.001078675 0.061433129 -0.019431893 -0.028539933 0.997513831
1341846241.965882 0.082729250 -0.054808192 -0.004887078 0.061375070 -0.019815670 -0.029279618 0.997488439
1341846241.998017 0.083032951 -0.058901142 -0.003284980 0.060504496 -0.020005379 -0.029150369 0.997541666
1341846242.034019 0.079001077 -0.058982383 -0.001998008 0.061069950 -0.019664839 -0.028518870 0.997532189
1341846242.066365 0.078249477 -0.060701333 0.005660190 0.061511904 -0.019832293 -0.028679490 0.997497082
1341846242.097916 0.112618923 -0.062460899 -0.001785477 0.062002771 -0.023727993 -0.027879169 0.997404337
1341846242.133980 0.162867025 -0.059752081 -0.000818465 0.063427888 -0.031291232 -0.028224412 0.997096419
1341846242.165895 0.110983849 -0.061433274 -0.006390461 0.063535675 -0.023137983 -0.027992856 0.997318506
1341846242.197924 0.118967392 -0.058699802 -0.003754168 0.064232871 -0.024093270 -0.028291970 0.997242808
1341846242.234487 0.129400566 -0.060371824 -0.000618114 0.065153435 -0.025551405 -0.027586773 0.997166574
1341846242.269588 0.132579520 -0.058347579 -0.003324743 0.066371374 -0.025803920 -0.027582120 0.997079849
1341846242.301972 0.106141597 -0.055718251 -0.002983881 0.066371292 -0.022274593 -0.028563056 0.997137368
1341846242.333996 0.107966706 -0.067754157 -0.004679730 0.064859129 -0.022250624 -0.028780099 0.997231126
1341846242.366000 0.089442544 -0.062479943 -0.005889694 0.066466212 -0.019791873 -0.028362079 0.997189105
1341846242.401903 0.090270676 -0.062598467 -0.008892043 0.066303246 -0.019982412 -0.028577253 0.997190058
1341846242.433933 0.105785906 -0.065685451 -0.006952778 0.066096403 -0.021921244 -0.028766206 0.997157574
1341846242.469883 0.112292752 -0.069712006 -0.007300292 0.066691689 -0.022334443 -0.028453331 0.997117758
1341846242.501972 0.125168607 -0.067822285 -0.008253686 0.067497492 -0.024259591 -0.028962145 0.997003913
1341846242.534063 0.110438459 -0.057736035 -0.005038186 0.068037599 -0.022380497 -0.029409189 0.996998072
1341846242.569931 0.102556542 -0.062033080 -0.005045128 0.067165896 -0.020731330 -0.029376179 0.997093797
1341846242.602000 0.108117200 -0.057624627 -0.006166426 0.067922153 -0.021474464 -0.029006599 0.997037649
1341846242.634077 0.106363386 -0.054580603 -0.006351717 0.067480639 -0.021389117 -0.029105479 0.997066617
1341846242.670215 0.114075519 -0.054048024 -0.005193114 0.066973254 -0.022341855 -0.029477030 0.997069001
1341846242.701929 0.107460879 -0.056939442 -0.007638575 0.066290736 -0.021263242 -0.029159591 0.997147501
1341846242.737996 0.097758010 -0.063671216 -0.008511936 0.064765520 -0.020267405 -0.028996270 0.997273207
1341846242.769937 0.110915162 -0.060977437 -0.007875004 0.065982513 -0.022410411 -0.029541982 0.997131586
1341846242.808080 0.100120202 -0.059605218 -0.010702669 0.066515446 -0.020650744 -0.029526399 0.997134626
1341846242.869936 0.107270963 -0.056388836 -0.009030194 0.065494552 -0.022086276 -0.030608572 0.997138798
1341846242.902131 0.108694926 -0.054900732 -0.006589676 0.065931968 -0.021996178 -0.031212263 0.997093260
1341846242.938061 0.105718143 -0.058503687 -0.009733385 0.065658912 -0.021946494 -0.031198865 0.997112751
1341846242.969969 0.093093775 -0.054355048 -0.007168615 0.067154638 -0.020495854 -0.031313159 0.997040451
1341846243.005810 0.104015276 -0.059351448 -0.011378002 0.066971034 -0.022614783 -0.031245349 0.997009158
1341846243.038095 0.106629848 -0.055924360 -0.010372681 0.067183979 -0.023530053 -0.030804649 0.996987343
1341846243.070041 0.121668920 -0.052806910 -0.008402059 0.066958949 -0.025981933 -0.031622287 0.996915996
1341846243.106059 0.107207447 -0.055562511 -0.010633183 0.065184042 -0.024090067 -0.032081839 0.997066498
1341846243.137899 0.125905409 -0.055456139 -0.005937756 0.065819360 -0.026270488 -0.032268118 0.996963620
1341846243.169985 0.106738605 -0.056180175 -0.010343312 0.065564319 -0.023850508 -0.031121084 0.997077703
1341846243.206007 0.105951667 -0.060989559 -0.014051514 0.064544797 -0.023637012 -0.031734914 0.997129977
1341846243.237999 0.108032674 -0.057185985 -0.012272161 0.064381450 -0.023266319 -0.032472957 0.997125506
1341846243.274026 0.115339808 -0.051222883 -0.008385971 0.065207459 -0.023834830 -0.033333872 0.997030020
1341846243.305879 0.099489741 -0.064259551 -0.013846192 0.063568786 -0.021619543 -0.033047765 0.997195840
1341846243.338022 0.099908195 -0.066211760 -0.014434328 0.064378537 -0.021635957 -0.033262670 0.997136354
1341846243.374348 0.104453467 -0.059953004 -0.014060223 0.066341698 -0.022422353 -0.033152036 0.996993959
1341846243.405837 0.124229901 -0.052689772 -0.006718983 0.068115935 -0.025676295 -0.033070233 0.996798575
1341846243.442193 0.099106885 -0.065184191 -0.019064436 0.065935135 -0.022416037 -0.032644428 0.997037828
1341846243.473902 0.107603922 -0.060880333 -0.015146188 0.066965744 -0.023576256 -0.033186257 0.996924520
1341846243.505839 0.107887678 -0.059188817 -0.015663685 0.067207314 -0.023899598 -0.033066493 0.996904492
1341846243.542001 0.104953609 -0.067114562 -0.020072835 0.065453984 -0.023773106 -0.033242013 0.997018397
1341846243.574058 0.104412019 -0.059453242 -0.017270830 0.066706464 -0.023138255 -0.033004839 0.996958196
1341846243.605841 0.104858898 -0.060614906 -0.014652530 0.066980079 -0.022656409 -0.032848023 0.996956050
1341846243.642015 0.104091868 -0.059096184 -0.016850794 0.067914061 -0.022470715 -0.032527920 0.996907651
1341846243.673926 0.120268583 -0.048267603 -0.008726419 0.069615982 -0.024703540 -0.032994501 0.996722043
1341846243.710095 0.117705427 -0.059130345 -0.010607610 0.068195701 -0.024057347 -0.032818362 0.996841788
1341846243.741951 0.124082014 -0.049858984 -0.009141235 0.069812678 -0.025370779 -0.033002190 0.996691227
1341846243.774067 0.087724365 -0.057369463 -0.022780547 0.067162812 -0.020276112 -0.033430513 0.996975720
1341846243.809881 0.087913588 -0.057498034 -0.021761447 0.066865146 -0.019912429 -0.033515923 0.997000158
1341846243.841971 0.089008078 -0.064813040 -0.022237252 0.066177659 -0.020322274 -0.032358680 0.997076035
1341846243.874062 0.088554375 -0.058141522 -0.020007921 0.067953989 -0.020716039 -0.031879384 0.996963859
1341846243.910022 0.099290654 -0.064678006 -0.021967987 0.067621768 -0.022430329 -0.032310463 0.996935427
1341846243.978045 0.090648293 -0.057093117 -0.024348401 0.068634376 -0.019719774 -0.032857180 0.996905625
1341846244.009892 0.105614640 -0.054207020 -0.014877367 0.068286262 -0.021640068 -0.033133086 0.996880591
1341846244.042105 0.106573522 -0.060144123 -0.013016043 0.068482652 -0.021419866 -0.032046035 0.996907413
1341846244.077884 0.106109582 -0.054849412 -0.012893109 0.069926530 -0.021184284 -0.031662252 0.996824503
1341846244.115904 0.110228896 -0.048457738 -0.013665727 0.070341200 -0.021879001 -0.031711865 0.996778786
1341846244.115904 0.110460624 -0.048358094 -0.013638545 0.070352599 -0.021889493 -0.031665638 0.996779144
1341846244.151850 0.109651551 -0.058092777 -0.011185440 0.068442523 -0.021809664 -0.031313956 0.996925056
1341846244.184334 0.107423268 -0.060506877 -0.011752965 0.068939768 -0.021271575 -0.030491339 0.996927857
1341846244.215953 0.108747847 -0.055998571 -0.014559657 0.069620371 -0.021400474 -0.030555315 0.996875823
1341846244.251877 0.105141342 -0.061839599 -0.015516019 0.067846484 -0.020947851 -0.030869730 0.996998072
1341846244.283880 0.105288848 -0.067151047 -0.014178961 0.067935407 -0.021073857 -0.030583529 0.996998191
1341846244.316068 0.107518770 -0.061225124 -0.015470890 0.069461882 -0.021613402 -0.030875636 0.996872485
1341846244.351999 0.104679793 -0.060881760 -0.014918271 0.069325842 -0.021578109 -0.030668220 0.996889055
1341846244.384040 0.096515268 -0.066727780 -0.015007745 0.068692036 -0.020885300 -0.030225189 0.996961236
1341846244.419869 0.106338203 -0.063421749 -0.015997419 0.069579326 -0.022571532 -0.029830940 0.996874809
1341846244.451888 0.109945156 -0.056123421 -0.014049429 0.070063256 -0.022278741 -0.030587479 0.996824563
1341846244.483871 0.106386930 -0.061785452 -0.014220206 0.068172120 -0.021075625 -0.030626658 0.996980727
1341846244.519923 0.110210381 -0.063006863 -0.010172234 0.068214275 -0.021001901 -0.030209180 0.996992052
1341846244.551942 0.113833427 -0.063786454 -0.011264826 0.069021352 -0.020721830 -0.029836608 0.996953607
1341846244.583892 0.116783269 -0.061794087 -0.009782607 0.069809161 -0.020551080 -0.028211987 0.996949613
1341846244.619870 0.122845590 -0.064661473 -0.011136506 0.069225125 -0.021358676 -0.026242392 0.997027099
1341846244.651850 0.122001544 -0.070019431 -0.009098167 0.068943582 -0.021150796 -0.025149450 0.997079253
1341846244.683815 0.127692714 -0.069782473 -0.009887669 0.069917515 -0.021756070 -0.024161112 0.997022808
1341846244.719873 0.129640356 -0.068154074 -0.009776005 0.070028208 -0.021480964 -0.024098106 0.997022569
1341846244.751827 0.130357087 -0.068834558 -0.007807992 0.069603316 -0.021107141 -0.023964556 0.997063518
1341846244.788300 0.131094515 -0.079153024 -0.010166595 0.068794794 -0.020643685 -0.024723660 0.997110784
1341846244.820099 0.134576485 -0.083982617 -0.012424294 0.068784416 -0.020587841 -0.024852708 0.997109473
1341846244.851973 0.141000971 -0.089886434 -0.009212047 0.069793284 -0.020664621 -0.024898600 0.997036636
1341846244.887873 0.144036070 -0.072955035 -0.012379134 0.074182421 -0.019274969 -0.023605442 0.996778965
1341846244.920072 0.145863965 -0.073732406 -0.012540719 0.074300610 -0.018236393 -0.023663189 0.996788323
1341846244.952621 0.144843817 -0.080057614 -0.012974990 0.074055471 -0.017293189 -0.023251453 0.996833086
1341846244.987985 0.144655198 -0.070053570 -0.008255468 0.076455064 -0.016618608 -0.021533830 0.996702015
1341846245.020060 0.154817477 -0.063186564 -0.009868192 0.076511249 -0.017928673 -0.020994738 0.996686459
1341846245.051869 0.148848370 -0.059822895 -0.005237721 0.075641446 -0.016096402 -0.022347825 0.996754646
1341846245.088236 0.146505967 -0.060629338 -0.004741097 0.074215427 -0.014991830 -0.022694234 0.996871293
1341846245.119935 0.148417056 -0.069355331 -0.006850623 0.072535522 -0.014934710 -0.022413559 0.997002125
1341846245.151835 0.147639096 -0.069352560 -0.004281040 0.072833978 -0.014767112 -0.022865899 0.996972561
1341846245.187889 0.141180173 -0.071861655 -0.005617499 0.073291458 -0.013728200 -0.022863982 0.996953964
1341846245.219842 0.144016564 -0.050207939 -0.000526996 0.076716676 -0.014143419 -0.022393990 0.996701121
1341846245.256030 0.142799273 -0.058651980 -0.001759127 0.074767135 -0.013620859 -0.023332445 0.996834993
1341846245.287962 0.140820011 -0.059117138 -0.001315616 0.074378997 -0.013090771 -0.024194563 0.996850610
1341846245.319885 0.142294437 -0.059101049 -0.002666592 0.073942788 -0.013324840 -0.024934933 0.996861696
1341846245.355859 0.138835013 -0.052236762 -0.001154368 0.074851416 -0.013320564 -0.024851505 0.996796012
1341846245.387919 0.139994517 -0.059194285 -0.003231688 0.073665485 -0.013671050 -0.025493525 0.996863425
1341846245.423977 0.140379250 -0.062404618 -0.003597127 0.073568016 -0.013598703 -0.026374884 0.996848643
1341846245.455822 0.138234988 -0.066572331 -0.005225149 0.073406152 -0.013116951 -0.027054880 0.996848822
1341846245.487804 0.124899037 -0.061969262 -0.003900449 0.074534304 -0.011201290 -0.026812626 0.996794999
1341846245.523916 0.127530158 -0.061957959 -0.002570065 0.074718967 -0.011736193 -0.026654085 0.996779323
1341846245.555797 0.128130645 -0.062713183 -0.002229326 0.074393675 -0.011644091 -0.026863258 0.996799052
1341846245.591988 0.123552144 -0.065038681 -0.001650601 0.074738450 -0.011007723 -0.026765432 0.996783137
1341846245.623837 0.131122142 -0.068364054 -0.004637605 0.075460866 -0.012469771 -0.025450757 0.996745884
1341846245.655890 0.137887552 -0.064763188 -0.001928346 0.076317541 -0.013322727 -0.025240751 0.996675014
1341846245.692060 0.137738451 -0.064770781 -0.002599706 0.075727724 -0.012425538 -0.026465297 0.996699870
1341846245.724517 0.133193821 -0.070701674 0.000396848 0.075202100 -0.011643128 -0.026173891 0.996756852
1341846245.760068 0.135246411 -0.069475502 0.002946985 0.076703787 -0.011921757 -0.025207879 0.996663928
1341846245.791914 0.142431408 -0.063873477 0.002598270 0.077761836 -0.012723035 -0.024861885 0.996580720
1341846245.824142 0.145860970 -0.063555911 0.005804687 0.077620484 -0.012588144 -0.024234923 0.996608853
1341846245.860005 0.144761190 -0.061748467 0.003891181 0.077392548 -0.011897603 -0.024221450 0.996635437
1341846245.891878 0.145522118 -0.060034011 0.005155486 0.076685615 -0.011892756 -0.024516547 0.996682942
1341846245.927903 0.140542373 -0.065892965 0.007578885 0.076256461 -0.010340407 -0.025138196 0.996717691
1341846245.986182 0.125901356 -0.065395221 0.003803644 0.077096179 -0.008125425 -0.025075169 0.996675193
1341846246.022057 0.129358470 -0.069748357 0.002537438 0.076963648 -0.008922078 -0.025209023 0.996675253
1341846246.053871 0.126504794 -0.075806767 0.000431950 0.077212542 -0.008579326 -0.025377601 0.996654749
1341846246.085916 0.116499513 -0.069521613 0.000658900 0.079633661 -0.008091246 -0.024503445 0.996490180
1341846246.121806 0.118134402 -0.065621316 0.001919419 0.080921881 -0.009684441 -0.024645003 0.996368706
1341846246.153949 0.116568841 -0.074628852 -0.000316073 0.080261476 -0.009614777 -0.026409067 0.996377587
1341846246.222002 0.117194019 -0.062958181 -0.002698454 0.082362063 -0.009378529 -0.028941642 0.996138036
1341846246.253984 0.116234489 -0.071481586 -0.002514897 0.081005909 -0.009440051 -0.030815639 0.996192455
1341846246.289808 0.116469391 -0.071124434 -0.002090650 0.082277797 -0.008944007 -0.031405389 0.996074378
1341846246.322001 0.129842997 -0.055285282 -0.003818105 0.083912253 -0.009863764 -0.031636301 0.995922029
1341846246.353946 0.119426392 -0.057536878 -0.001129752 0.082049944 -0.007257890 -0.033570576 0.996036232
1341846246.389885 0.115891360 -0.059942283 -0.000843011 0.080516323 -0.005819692 -0.033713572 0.996165991
1341846246.421855 0.109893978 -0.061683722 -0.000078478 0.080567613 -0.004522433 -0.032046255 0.996223688
1341846246.457915 0.109961212 -0.053486928 0.001293671 0.081302486 -0.004461881 -0.029722987 0.996236265
1341846246.489829 0.121287517 -0.058403216 -0.001828852 0.079304770 -0.005298748 -0.028591853 0.996426225
1341846246.521912 0.128596097 -0.057607107 -0.001356633 0.078281209 -0.004564928 -0.028026665 0.996526837
1341846246.558038 0.121898971 -0.061224591 0.001190214 0.077119537 -0.001991550 -0.028497139 0.996612549
1341846246.589826 0.120530814 -0.066834956 -0.002053277 0.076807141 -0.001575605 -0.027804013 0.996656954
1341846246.622033 0.130501449 -0.063637100 -0.007958577 0.077398568 -0.003103003 -0.025175337 0.996677577
1341846246.658046 0.131645024 -0.059959788 -0.006651922 0.077294134 -0.003934511 -0.023871038 0.996714771
1341846246.689939 0.124393694 -0.059657063 -0.003331332 0.076962166 -0.003512944 -0.024862628 0.996717811
1341846246.725903 0.124662831 -0.055258494 0.000250939 0.077614643 -0.003922969 -0.025156332 0.996658325
1341846246.757894 0.124102794 -0.055443347 0.001060353 0.076893970 -0.003792959 -0.026241573 0.996686697
1341846246.789989 0.124251403 -0.050942134 0.004787687 0.076974690 -0.003797266 -0.026697982 0.996668339
1341846246.826059 0.119088359 -0.059655294 0.004572281 0.075688682 -0.003385620 -0.026969194 0.996760964
1341846246.857869 0.124187253 -0.059126012 0.004721669 0.076809704 -0.004602815 -0.026711285 0.996677339
1341846246.893944 0.124692649 -0.051015757 0.005053441 0.078074791 -0.005360131 -0.025844617 0.996598065
1341846246.925896 0.124594495 -0.051388215 0.006398047 0.077378854 -0.005973028 -0.025697956 0.996652663
1341846246.958090 0.124868661 -0.051988818 0.007397078 0.077324525 -0.006047488 -0.025516829 0.996661067
1341846246.993936 0.127361998 -0.054558426 0.005112127 0.076763712 -0.006557997 -0.026400983 0.996678174
1341846247.026204 0.128824875 -0.060720105 0.004277752 0.075848848 -0.006981514 -0.028192177 0.996696293
1341846247.057936 0.123521753 -0.061454430 0.004916965 0.076643705 -0.006299753 -0.029059483 0.996615112
1341846247.093899 0.124463774 -0.060964372 0.004045075 0.077588692 -0.006827110 -0.028383126 0.996557951
1341846247.126028 0.126102343 -0.060076531 0.002289178 0.077526674 -0.007694832 -0.028030017 0.996566474
1341846247.162093 0.126761749 -0.062530853 0.008135926 0.078208148 -0.008217786 -0.026959674 0.996538639
1341846247.194072 0.127900407 -0.070931941 0.005550256 0.079971552 -0.007119605 -0.025617061 0.996442497
1341846247.225977 0.127479777 -0.063229829 0.004950131 0.082387812 -0.006860085 -0.023704577 0.996294796
1341846247.261953 0.135733947 -0.079093754 0.001879205 0.082805447 -0.007430625 -0.023583660 0.996258974
1341846247.293957 0.134024054 -0.077195540 0.001887635 0.087895803 -0.006018986 -0.023737971 0.995828629
1341846247.325987 0.133375034 -0.062499564 -0.002940800 0.090849899 -0.006380438 -0.023096995 0.995576322
1341846247.361940 0.132269040 -0.058174927 -0.000270430 0.089474864 -0.007629837 -0.022468256 0.995706439
1341846247.430187 0.128917828 -0.053050831 0.003069127 0.085989311 -0.007842876 -0.023435660 0.995989561
1341846247.462223 0.134107977 -0.064352848 0.005751773 0.083397105 -0.009487503 -0.024484603 0.996170461
1341846247.493952 0.134707943 -0.066474572 0.005506835 0.083460703 -0.009762317 -0.025375472 0.996140122
1341846247.530027 0.134068236 -0.067357548 0.009738364 0.084170721 -0.009687926 -0.024920532 0.996092558
1341846247.562209 0.135496378 -0.077841312 0.006910835 0.084956832 -0.009630198 -0.024028903 0.996048331
1341846247.594166 0.135404453 -0.063485011 0.008544114 0.088702984 -0.010016858 -0.022836629 0.995745957
1341846247.630035 0.134367317 -0.052831035 0.008776492 0.088698916 -0.010851972 -0.022352817 0.995748520
1341846247.662701 0.141654059 -0.065850943 0.013829864 0.086075239 -0.012229436 -0.021708688 0.995977044
1341846247.697913 0.129410461 -0.060880817 0.012768801 0.087477580 -0.009599618 -0.020368190 0.995912075
1341846247.730051 0.127528995 -0.059248168 0.013227612 0.086360201 -0.010328784 -0.019407140 0.996021390
1341846247.762180 0.136402413 -0.073769704 0.015848108 0.085089944 -0.012219573 -0.018187840 0.996132374
1341846247.798768 0.134086549 -0.063910633 0.015062905 0.088544153 -0.011378668 -0.016767683 0.995866120
1341846247.830259 0.142053455 -0.049153574 0.018924903 0.089187980 -0.012829049 -0.015363818 0.995813668
1341846247.865875 0.154626742 -0.066687673 0.019294258 0.084895484 -0.014567926 -0.015868232 0.996156991
1341846247.898157 0.153079197 -0.076505758 0.017461507 0.085867330 -0.013006571 -0.015581607 0.996099830
1341846247.930002 0.145482436 -0.062577426 0.011775077 0.088629499 -0.013383152 -0.014307658 0.995872021
1341846247.966006 0.144894361 -0.063794039 0.020664362 0.087917984 -0.015735181 -0.013377442 0.995913625
1341846247.998062 0.151838690 -0.075090788 0.022054145 0.088445105 -0.016345950 -0.013194830 0.995859563
1341846248.030615 0.140812799 -0.059835814 0.023592936 0.092328697 -0.014088321 -0.013879642 0.995532155
1341846248.065891 0.139736056 -0.049619142 0.022557523 0.092397727 -0.013791620 -0.014057391 0.995527446
1341846248.098211 0.158991188 -0.070448793 0.018595358 0.088414639 -0.015274756 -0.015537282 0.995845437
1341846248.133929 0.163870707 -0.064134844 0.021907669 0.091326289 -0.011926121 -0.017494148 0.995595932
1341846248.166050 0.154599234 -0.052282427 0.023033999 0.092280589 -0.008457574 -0.019409256 0.995507956
1341846248.198024 0.150970861 -0.063599668 0.022699153 0.089447841 -0.008169412 -0.020078870 0.995755613
1341846248.233930 0.146923229 -0.067828558 0.025253667 0.090967610 -0.007227452 -0.020389209 0.995618880
1341846248.265968 0.147266090 -0.052173477 0.025523677 0.093653016 -0.006359307 -0.021763505 0.995346725
1341846248.297927 0.141395375 -0.049083881 0.027127406 0.091724738 -0.005872124 -0.023744948 0.995483935
1341846248.333956 0.136826962 -0.060585305 0.028651366 0.090533175 -0.005676250 -0.025961706 0.995538831
1341846248.366013 0.132516578 -0.056555606 0.029579671 0.092866816 -0.005064116 -0.026378496 0.995316207
1341846248.402093 0.130025387 -0.049124420 0.027786465 0.093494080 -0.005706231 -0.025439303 0.995278478
1341846248.433862 0.143444538 -0.063603871 0.025934558 0.091431998 -0.007702493 -0.025834920 0.995446384
1341846248.466804 0.143591091 -0.052764125 0.028755452 0.094093248 -0.006378847 -0.026994552 0.995176971
1341846248.502139 0.144610047 -0.046538386 0.026482351 0.092626028 -0.007034264 -0.027705485 0.995290577
1341846248.534215 0.137574762 -0.061994612 0.031784493 0.088381492 -0.008404179 -0.026824655 0.995690048
1341846248.565971 0.153493464 -0.067909375 0.030240225 0.089479581 -0.010697785 -0.026603548 0.995575845
1341846248.602003 0.154647440 -0.050798636 0.026798932 0.090632409 -0.009761972 -0.027156593 0.995466232
1341846248.640295 0.149465576 -0.071897261 0.028012386 0.086477660 -0.008977625 -0.027301596 0.995839238
1341846248.640295 0.149802834 -0.071721390 0.028253825 0.086508922 -0.009023630 -0.027317014 0.995835602
1341846248.675831 0.153056487 -0.075133070 0.029469915 0.089197777 -0.008771852 -0.026907217 0.995611787
1341846248.708095 0.150682867 -0.065852001 0.029227762 0.091918468 -0.007382977 -0.027153149 0.995368958
1341846248.740085 0.144046605 -0.066553086 0.030467546 0.091275938 -0.006805663 -0.027243836 0.995429695
1341846248.802167 0.149890929 -0.067060642 0.028931724 0.093948364 -0.008083774 -0.027479669 0.995164990
1341846248.833950 0.144905895 -0.071426846 0.030295148 0.093046516 -0.007599196 -0.027946219 0.995240510
1341846248.869901 0.141319782 -0.075330876 0.029405601 0.093786687 -0.007393512 -0.026749656 0.995205462
1341846248.901932 0.150539845 -0.075769648 0.028647004 0.095517442 -0.008417590 -0.027258947 0.995018899
1341846248.938035 0.142120302 -0.067210041 0.028716989 0.096199848 -0.007212649 -0.027174901 0.994964898
1341846248.969908 0.142684504 -0.066860855 0.029686157 0.095453903 -0.007919160 -0.027553802 0.995020986
1341846249.001964 0.147390530 -0.074032672 0.028720375 0.093998335 -0.008543484 -0.027905632 0.995144546
1341846249.037998 0.141394287 -0.068259656 0.027209507 0.094917223 -0.007669454 -0.027088493 0.995087028
1341846249.069961 0.141422436 -0.059978258 0.029793818 0.094617903 -0.008739896 -0.025393322 0.995151401
1341846249.105888 0.155032784 -0.072514951 0.029314011 0.092799790 -0.010024085 -0.026443522 0.995283127
1341846249.138041 0.146827757 -0.066882633 0.031163724 0.093905009 -0.007776606 -0.026095049 0.995208800
1341846249.169904 0.144908860 -0.069558814 0.032592416 0.093241692 -0.007584500 -0.024494438 0.995313287
1341846249.206013 0.154895008 -0.076837130 0.030530587 0.093804121 -0.008417796 -0.024027769 0.995265126
1341846249.237872 0.152546868 -0.060826294 0.031269263 0.096186399 -0.006701792 -0.024149539 0.995047808
1341846249.306095 0.156027406 -0.076290287 0.031363104 0.093218841 -0.006636208 -0.024514657 0.995321751
1341846249.337853 0.161747113 -0.069802850 0.028163476 0.095091991 -0.006016823 -0.024350455 0.995152473
1341846249.373854 0.157493874 -0.060817886 0.030320816 0.094674647 -0.005183002 -0.024510423 0.995193005
1341846249.405928 0.164864659 -0.074082270 0.031454187 0.092130899 -0.005216791 -0.025779104 0.995399535
1341846249.437945 0.159909636 -0.069771074 0.031848647 0.093751401 -0.002710748 -0.026249923 0.995245874
1341846249.474182 0.154653966 -0.060044341 0.033514224 0.094533138 -0.001922247 -0.025993627 0.995180428
1341846249.505956 0.158746272 -0.064615421 0.033298764 0.092449598 -0.002594976 -0.025476938 0.995388031
1341846249.538288 0.159787953 -0.066815384 0.034166798 0.092118092 -0.002430660 -0.025967902 0.995406508
1341846249.574263 0.156026989 -0.061966375 0.033111114 0.092028297 -0.001925860 -0.025612326 0.995425105
1341846249.606015 0.151950076 -0.062775902 0.035116795 0.090651140 -0.002358576 -0.023989594 0.995590985
1341846249.641995 0.163658723 -0.064699009 0.032351788 0.090576716 -0.005521722 -0.020750118 0.995657980
1341846249.674108 0.166382864 -0.054467477 0.030607579 0.090686664 -0.006801735 -0.019600680 0.995663404
1341846249.706034 0.167635784 -0.057885695 0.030548895 0.087370932 -0.007994672 -0.019158289 0.995959520
1341846249.742012 0.164775401 -0.068463318 0.031992629 0.085724011 -0.009103592 -0.017751362 0.996119201
1341846249.773906 0.157256424 -0.060766574 0.030750079 0.087296933 -0.010350988 -0.014947543 0.996016383
1341846249.806093 0.162777081 -0.057632405 0.030868139 0.086716868 -0.014203833 -0.012083201 0.996058464
1341846249.842148 0.155997187 -0.059048481 0.032980271 0.085867703 -0.014832388 -0.011843281 0.996125758
1341846249.873923 0.149158642 -0.056676060 0.033458728 0.086167283 -0.016000682 -0.010429461 0.996097624
1341846249.909991 0.154316857 -0.050099198 0.032178074 0.086761199 -0.020583246 -0.007684547 0.995986879
1341846249.942024 0.164366513 -0.051371556 0.034242682 0.086198457 -0.024973774 -0.005544771 0.995949507
1341846249.974199 0.171994343 -0.047589816 0.031189507 0.087106012 -0.027308581 -0.006503256 0.995803475
1341846250.010384 0.170136124 -0.045766734 0.029583067 0.087124467 -0.028710650 -0.006897171 0.995759785
1341846250.042022 0.161688253 -0.054792579 0.030613285 0.086007372 -0.029373484 -0.005499162 0.995846272
1341846250.078047 0.178650528 -0.048227593 0.033367705 0.088764951 -0.031588975 -0.004671833 0.995540619
1341846250.109945 0.178554043 -0.027687060 0.033726308 0.091299318 -0.029799845 -0.005992582 0.995359540
1341846250.141849 0.180429339 -0.031971671 0.034206595 0.088749871 -0.028596548 -0.006485740 0.995622277
1341846250.177803 0.192061037 -0.043725170 0.030632550 0.087309085 -0.027668998 -0.006749130 0.995774090
1341846250.210137 0.201537937 -0.027965188 0.034825705 0.089995377 -0.025295656 -0.007378176 0.995593548
1341846250.241903 0.195190474 -0.028118212 0.032587044 0.088939562 -0.021851890 -0.010545227 0.995741487
1341846250.277878 0.185181454 -0.031198435 0.027509114 0.087732606 -0.018750284 -0.012568865 0.995888293
1341846250.309873 0.179765746 -0.026818352 0.036385912 0.087941982 -0.017653622 -0.013035985 0.995883882
1341846250.346142 0.178635940 -0.032770317 0.032817610 0.087072469 -0.017939301 -0.012636052 0.995960295
1341846250.377944 0.184502736 -0.029660925 0.032985482 0.088374108 -0.018942626 -0.012658824 0.995826840
1341846250.410038 0.179613680 -0.036770880 0.032608297 0.087929644 -0.018194014 -0.012859169 0.995877504
1341846250.445984 0.181028366 -0.031586792 0.034015656 0.089768596 -0.018273154 -0.013705090 0.995700717
1341846250.477872 0.170989767 -0.024770681 0.033571783 0.090065815 -0.017005509 -0.014379657 0.995686829
1341846250.509930 0.180963010 -0.033267263 0.032877687 0.088432349 -0.020839419 -0.011497370 0.995797813
1341846250.546119 0.189871326 -0.031415477 0.036483161 0.089462712 -0.023197552 -0.011125482 0.995657921
1341846250.577998 0.187054947 -0.022358777 0.035713024 0.089407198 -0.021978533 -0.011863846 0.995681942
1341846250.613828 0.182099432 -0.028878845 0.037441138 0.087092064 -0.021184064 -0.011334467 0.995910525
1341846250.646114 0.187049076 -0.031016752 0.036843259 0.087246798 -0.022150179 -0.008870931 0.995900989
1341846250.677812 0.187280402 -0.022721667 0.038478628 0.088073365 -0.021818411 -0.007175391 0.995849192
1341846250.713958 0.193524793 -0.017365782 0.040726524 0.087281719 -0.021774063 -0.006536116 0.995924294
1341846250.745904 0.177758709 -0.028765261 0.036583677 0.084553637 -0.019193955 -0.005202488 0.996220529
1341846250.777886 0.174380749 -0.022669623 0.036948685 0.084863946 -0.020685477 -0.002419293 0.996174872
1341846250.814024 0.183333367 -0.019981056 0.039890502 0.084552556 -0.022635905 -0.002506074 0.996158779
1341846250.846025 0.185023025 -0.015806803 0.041178107 0.083707578 -0.022474607 -0.003872927 0.996229351
1341846250.881824 0.178327471 -0.035301819 0.039693389 0.081241444 -0.021822955 -0.003532721 0.996449292
1341846250.913808 0.190805852 -0.028057190 0.040733658 0.084507667 -0.023701627 -0.002723652 0.996137202
1341846250.946118 0.187297523 -0.031503003 0.037493020 0.084596127 -0.022392942 -0.003389568 0.996157885
1341846250.981803 0.183238536 -0.028971225 0.036587801 0.085773796 -0.021717200 -0.003727735 0.996070921
1341846251.014047 0.175340027 -0.030287543 0.037348151 0.085512504 -0.021902740 -0.005072884 0.996083438
1341846251.046033 0.185067564 -0.038933646 0.037629694 0.085248195 -0.024174320 -0.005774734 0.996049702
1341846251.081959 0.187499374 -0.036716852 0.037987452 0.087191612 -0.023889223 -0.006544869 0.995883584
1341846251.114058 0.191351786 -0.037914243 0.037652850 0.088911235 -0.023792066 -0.006978338 0.995730937
1341846251.149920 0.190407723 -0.033068061 0.036811925 0.090857349 -0.023167171 -0.007306579 0.995567620
1341846251.181983 0.195621103 -0.040343489 0.035001144 0.090643585 -0.022834634 -0.009055917 0.995580375
1341846251.214205 0.185741171 -0.037128258 0.032879822 0.091992564 -0.021744503 -0.009090314 0.995480776
1341846251.249978 0.175305456 -0.036355186 0.034479748 0.092343077 -0.022356663 -0.008509475 0.995439887
1341846251.281923 0.183083087 -0.036637392 0.033837602 0.092979334 -0.025002405 -0.008204384 0.995320261
1341846251.318026 0.173795819 -0.023535708 0.033886455 0.094231158 -0.024904313 -0.008942205 0.995198607
1341846251.350003 0.175356984 -0.028231012 0.036665902 0.091665246 -0.028022723 -0.008243595 0.995361388
1341846251.382003 0.177900076 -0.036249228 0.039122012 0.090787351 -0.030581286 -0.007733208 0.995370626
1341846251.417971 0.177773386 -0.023289956 0.038655825 0.092606932 -0.031238044 -0.008880670 0.995173037
1341846251.449878 0.172317877 -0.018112160 0.040555324 0.090466239 -0.031211022 -0.010163264 0.995358527
1341846251.481872 0.166728497 -0.020893198 0.040127058 0.087756142 -0.032345071 -0.010243554 0.995564103
1341846251.517870 0.171184435 -0.013099892 0.042765062 0.087456949 -0.034763791 -0.009215233 0.995518923
1341846251.549884 0.179121152 -0.013847014 0.046066716 0.085680924 -0.036129739 -0.009516983 0.995621920
1341846251.586071 0.174236849 -0.022130959 0.042128131 0.083749317 -0.034923773 -0.009354960 0.995830715
1341846251.618241 0.173884377 -0.022983471 0.041387316 0.084432386 -0.035663545 -0.007974177 0.995758891
1341846251.649917 0.183985680 -0.026402751 0.040970806 0.084741667 -0.036363345 -0.007618580 0.995710135
1341846251.686034 0.183948681 -0.021501582 0.042761199 0.085982867 -0.033954889 -0.008842878 0.995678604
1341846251.718103 0.176749945 -0.021388533 0.042643901 0.085978106 -0.031787906 -0.010281419 0.995736778
1341846251.749907 0.174077079 -0.025188178 0.040375121 0.085901551 -0.031996138 -0.009413353 0.995745242
