1341845820.751833 0.0000000 0.0000000 0.0000000 -0.0000000 -0.0000000 -0.0000000 1.0000000
1341845821.488014 0.0097101 -0.0117031 -0.0011489 0.0055185 0.0154464 0.0018097 0.9998639
1341845822.023863 0.0004809 -0.0135621 -0.0048726 0.0107729 0.0172877 -0.0033577 0.9997869
1341845824.130299 -0.2026282 -0.0423486 0.0319555 0.0282764 0.0216207 0.0057393 0.9993498
1341845826.079731 -0.5718396 -0.0912643 0.0160675 0.0246840 -0.0184678 0.0443471 0.9985404
1341845826.551684 -0.5921064 -0.0877319 0.0031631 0.0182174 -0.0395155 0.0496613 0.9978178
1341845827.791657 -0.5488787 -0.0449442 0.0416156 -0.0364428 -0.0121283 0.0498784 0.9980165
1341845831.137817 0.0235066 0.0031733 0.0138349 0.0207303 0.0087148 0.0429600 0.9988237
1341845832.273776 0.2412133 0.0328574 -0.0063337 -0.0060703 0.0268479 0.0363470 0.9989601
1341845833.145767 0.3807177 0.0793480 -0.0245988 -0.0304088 0.0386116 0.0501684 0.9975308
1341845833.381840 0.4405323 0.0778063 -0.0427253 -0.0306533 0.0452713 0.0520745 0.9971455
1341845834.653808 0.3656737 0.0811984 -0.0328704 -0.0394614 0.0410095 0.0356275 0.9977434
1341845837.139763 -0.1150242 -0.1085778 -0.0273699 0.0336274 -0.0046481 0.0601305 0.9976131
1341845837.843915 -0.0969758 -0.2768236 -0.0385851 0.0384469 0.0322149 0.0210972 0.9985184
1341845838.609807 -0.0860395 -0.3908092 -0.0160898 0.0222764 0.0454569 -0.0006559 0.9987177
1341845839.013907 -0.0606547 -0.4230998 -0.0206975 0.0024266 0.0610559 -0.0121795 0.9980571
1341845839.246198 -0.0488482 -0.4491086 -0.0225153 0.0031117 0.0633483 -0.0115414 0.9979199
1341845839.481741 -0.0285750 -0.4504654 -0.0351512 0.0088198 0.0720588 -0.0063602 0.9973411
1341845839.749808 -0.0184383 -0.4562573 -0.0333328 0.0082272 0.0774672 -0.0072215 0.9969348
1341845840.017660 -0.0421689 -0.4186407 -0.0195387 -0.0064736 0.0700783 -0.0066767 0.9974982
1341845840.753824 -0.1180426 -0.3239611 0.0177664 -0.0527522 0.0509855 -0.0049475 0.9972929
1341845844.205772 -0.1364907 0.2140254 0.0771672 -0.0000699 0.0504895 0.0418436 0.9978477
1341845845.213604 -0.1515045 0.3941298 0.0752400 -0.0183141 0.0016970 0.0310878 0.9993474
1341845845.613959 -0.1514086 0.4812076 0.0777800 -0.0299801 -0.0055476 0.0221075 0.9992906
1341845846.185551 -0.1480307 0.5855716 0.0909616 -0.0420380 -0.0051844 0.0245572 0.9988008
1341845846.853756 -0.1386981 0.6177431 0.0752964 -0.0740364 0.0045145 0.0255153 0.9969189
1341845847.089677 -0.1476175 0.5343418 0.0761408 -0.0577774 -0.0007409 0.0227318 0.9980704
1341845847.357899 -0.1388417 0.4601396 0.0652442 -0.0334617 0.0050942 0.0214308 0.9991972
1341845847.557741 -0.1388741 0.4109297 0.0425094 -0.0339491 0.0034975 0.0130229 0.9993326
1341845847.693751 -0.1314324 0.3606039 0.0371618 -0.0334995 0.0009634 0.0140237 0.9993399
1341845847.893697 -0.1351844 0.2996743 0.0218839 -0.0355899 -0.0036303 0.0237119 0.9990786
1341845848.167711 -0.1321115 0.2531927 0.0115869 -0.0319914 -0.0108746 0.0234088 0.9991548
1341845848.467705 -0.1283372 0.1998778 -0.0118012 -0.0410448 -0.0211142 0.0220849 0.9986901
1341845850.173748 -0.1466046 0.1461488 0.3090727 -0.0285168 0.0311584 0.0077650 0.9990774
1341845851.881832 -0.1142774 0.1671197 0.5862212 -0.0292649 0.0138658 0.0215783 0.9992425
1341845857.713765 -0.2348663 0.1758050 -0.2431170 -0.0302607 0.0126253 0.0223639 0.9992121
1341845857.881939 -0.2328839 0.1800512 -0.2779226 -0.0275757 0.0212686 0.0214675 0.9991629
1341845858.717690 -0.2138225 0.1838681 -0.3299209 -0.0545366 -0.0008900 0.0115674 0.9984444
1341845859.353758 -0.1930075 0.1710595 -0.3599333 -0.0736934 0.0143724 -0.0072256 0.9971512
1341845860.057745 -0.1895573 0.1530580 -0.3752954 -0.0514391 0.0321753 -0.0124872 0.9980796
1341845860.193724 -0.1921012 0.1428780 -0.3780300 -0.0468842 0.0179940 -0.0171268 0.9985914
1341845860.261716 -0.1887435 0.1467780 -0.3810293 -0.0415845 0.0116400 -0.0233317 0.9987947
1341845860.294553 -0.2002194 0.1352585 -0.3835838 -0.0400903 0.0078244 -0.0249645 0.9988535
1341845860.361673 -0.1886380 0.1401010 -0.3821664 -0.0344355 -0.0004837 -0.0271498 0.9990380
1341845860.461780 -0.1906628 0.1436115 -0.3870059 -0.0312911 -0.0106316 -0.0291584 0.9990284
1341845860.529831 -0.1885730 0.1461609 -0.3874396 -0.0306061 -0.0148248 -0.0275644 0.9990414
1341845860.736338 -0.1914797 0.1563405 -0.3953791 -0.0344604 -0.0227236 -0.0251865 0.9988302
1341845860.772400 -0.1956229 0.1507968 -0.3929695 -0.0370964 -0.0261738 -0.0235022 0.9986924
1341845860.929775 -0.1884973 0.1553359 -0.3951498 -0.0404870 -0.0356210 -0.0266325 0.9981897
1341845861.197704 -0.1856615 0.1457779 -0.3843793 -0.0396359 -0.0354696 -0.0307147 0.9981120
1341845861.407792 -0.1902645 0.1506556 -0.3804267 -0.0368978 -0.0326371 -0.0275945 0.9984047
1341845861.472256 -0.1872406 0.1456647 -0.3750076 -0.0363707 -0.0323976 -0.0277341 0.9984280
1341845861.739782 -0.1769140 0.1419688 -0.3704500 -0.0304785 -0.0324821 -0.0338257 0.9984347
1341845861.939697 -0.1754156 0.1390498 -0.3580329 -0.0294535 -0.0344506 -0.0341208 0.9983894
1341845862.075738 -0.1659406 0.1309375 -0.3536247 -0.0266248 -0.0337629 -0.0346625 0.9984737
1341845862.143904 -0.1575027 0.1455566 -0.3626580 -0.0252401 -0.0287823 -0.0378515 0.9985499
1341845862.243827 -0.1563604 0.1585322 -0.3624157 -0.0322771 -0.0240303 -0.0416695 0.9983208
1341845862.611759 -0.1414540 0.1384231 -0.3600401 -0.0277924 -0.0072026 -0.0210851 0.9993654
1341845862.815767 -0.1450962 0.1418269 -0.3576879 -0.0248369 0.0023614 -0.0239867 0.9994009
1341845862.915725 -0.1512070 0.1418533 -0.3627767 -0.0239009 0.0000458 -0.0255580 0.9993876
1341845863.015854 -0.1478316 0.1447826 -0.3674074 -0.0219878 0.0023024 -0.0247983 0.9994480
1341845863.151916 -0.1547268 0.1374560 -0.3659672 -0.0227734 0.0013274 -0.0258936 0.9994044
1341845863.215844 -0.1470323 0.1425162 -0.3694198 -0.0220156 0.0004222 -0.0256340 0.9994289
