1341846226.817920 0.0000000 0.0000000 0.0000000 -0.0000000 -0.0000000 -0.0000000 1.0000000
1341846227.186053 -0.0082407 0.0086711 -0.0062044 0.0054597 -0.0035923 -0.0070098 0.9999541
1341846227.218443 -0.0031064 0.0054938 -0.0034339 0.0041059 -0.0048899 -0.0092595 0.9999368
1341846227.385846 -0.0032111 0.0070386 -0.0086982 0.0066846 -0.0105943 -0.0163312 0.9997882
1341846227.622081 -0.0053483 0.0018596 0.0004640 0.0052040 -0.0211937 -0.0334521 0.9992020
1341846227.721966 0.0054455 -0.0032943 -0.0009874 0.0101710 -0.0215559 -0.0341666 0.9991319
1341846227.921967 0.0097371 -0.0114233 0.0014052 0.0126877 -0.0104930 -0.0311501 0.9993792
1341846228.021937 0.0201139 -0.0181788 0.0066118 0.0110420 -0.0074736 -0.0314896 0.9994152
1341846228.225994 0.0232494 -0.0194359 -0.0057986 0.0025506 -0.0051026 -0.0243288 0.9996877
1341846228.658069 0.0232855 -0.0168008 -0.0040113 0.0046732 -0.0024359 -0.0186730 0.9998118
1341846228.862015 0.0355266 -0.0220032 0.0012037 0.0043718 -0.0020461 -0.0142592 0.9998867
1341846229.197882 0.0373045 -0.0184989 0.0015799 0.0049438 -0.0007056 -0.0119781 0.9999158
1341846229.530149 0.0333413 -0.0230666 -0.0095836 0.0144231 -0.0018202 -0.0110591 0.9998332
1341846230.002061 0.0339644 -0.0211842 -0.0178775 0.0167381 0.0067142 -0.0053778 0.9998229
1341846230.537834 0.0341663 -0.0293792 -0.0167524 0.0215414 0.0123715 -0.0054898 0.9996763
1341846230.670057 0.0360458 -0.0267282 -0.0257573 0.0258528 0.0097631 -0.0056842 0.9996020
1341846230.737932 0.0406182 -0.0337739 -0.0136247 0.0249384 0.0082896 -0.0057925 0.9996378
1341846230.837804 0.0457593 -0.0296537 -0.0158229 0.0269201 0.0063731 -0.0056762 0.9996012
1341846231.273832 0.0333306 -0.0348673 -0.0124924 0.0340094 0.0038025 -0.0076008 0.9993854
1341846231.484245 0.0321944 -0.0348985 -0.0201903 0.0326098 0.0013010 -0.0051157 0.9994543
1341846231.648015 0.0279526 -0.0498846 -0.0070787 0.0247260 0.0067624 -0.0152181 0.9995556
1341846231.852317 0.0356795 -0.0353700 -0.0135856 0.0419572 -0.0001725 -0.0151879 0.9990039
1341846232.045845 0.0337183 -0.0376455 -0.0125167 0.0356318 -0.0050482 -0.0117495 0.9992831
1341846232.383877 0.0404028 -0.0376315 -0.0167632 0.0324930 -0.0061139 -0.0110040 0.9993927
1341846232.551877 0.0428870 -0.0392145 -0.0109126 0.0353805 -0.0077812 -0.0123047 0.9992679
1341846232.688092 0.0478642 -0.0397308 -0.0099978 0.0416647 -0.0067125 -0.0111676 0.9990467
1341846233.249926 0.0506173 -0.0395279 -0.0135523 0.0572523 0.0005402 -0.0224052 0.9981081
1341846233.553882 0.0466969 -0.0500688 -0.0087174 0.0580201 -0.0022000 -0.0235218 0.9980358
1341846236.637896 0.0694231 -0.0386758 -0.0069920 0.0521771 -0.0059806 -0.0200331 0.9984190
1341846240.159862 0.0608235 -0.0503062 0.0003247 0.0536388 -0.0114795 -0.0207998 0.9982778
1341846240.557894 0.0559772 -0.0529392 0.0001369 0.0584536 -0.0139714 -0.0228409 0.9979310
1341846240.826068 0.0546481 -0.0508067 -0.0034531 0.0630001 -0.0159981 -0.0244191 0.9975865
1341846241.062449 0.0552742 -0.0475194 -0.0050637 0.0621659 -0.0158656 -0.0252653 0.9976199
1341846241.126068 0.0511429 -0.0537579 -0.0076591 0.0593077 -0.0153263 -0.0255061 0.9977962
1341846241.230127 0.0537868 -0.0495902 -0.0061933 0.0608133 -0.0153212 -0.0274179 0.9976549
1341846241.295211 0.0523502 -0.0481048 -0.0063427 0.0617117 -0.0154289 -0.0282276 0.9975755
1341846241.362000 0.0532854 -0.0420084 -0.0057027 0.0614172 -0.0150477 -0.0287768 0.9975838
1341846241.394012 0.0514331 -0.0463061 -0.0047008 0.0609938 -0.0149457 -0.0292476 0.9975976
1341846241.430126 0.0472090 -0.0458238 -0.0068766 0.0612630 -0.0145144 -0.0299580 0.9975664
1341846241.462018 0.0517842 -0.0451142 -0.0070975 0.0615464 -0.0149830 -0.0295312 0.9975548
1341846241.562493 0.0476488 -0.0456417 -0.0055301 0.0606712 -0.0146238 -0.0305307 0.9975836
1341846241.598412 0.0499506 -0.0462319 -0.0036858 0.0609998 -0.0148844 -0.0303186 0.9975662
1341846241.629998 0.0485878 -0.0453229 -0.0063442 0.0611412 -0.0145820 -0.0300591 0.9975699
1341846241.898156 0.0501967 -0.0448159 -0.0093489 0.0620888 -0.0145334 -0.0305637 0.9974967
1341846241.929917 0.0483614 -0.0475977 -0.0074396 0.0627774 -0.0140582 -0.0312747 0.9974384
1341846241.998017 0.0467120 -0.0450581 -0.0073334 0.0623279 -0.0140033 -0.0311632 0.9974708
1341846242.034019 0.0524070 -0.0436658 -0.0088584 0.0627684 -0.0145627 -0.0302025 0.9974647
1341846242.066365 0.0511322 -0.0486985 -0.0053576 0.0628956 -0.0144253 -0.0310318 0.9974332
1341846242.097916 0.0495138 -0.0467919 -0.0014056 0.0642560 -0.0142036 -0.0306695 0.9973609
1341846242.133980 0.0510575 -0.0509040 -0.0113822 0.0645602 -0.0141074 -0.0305149 0.9973474
1341846242.165895 0.0487268 -0.0445897 -0.0068002 0.0657698 -0.0138659 -0.0303084 0.9972780
1341846242.197924 0.0503438 -0.0484513 -0.0065257 0.0657871 -0.0139100 -0.0311265 0.9972511
1341846242.234487 0.0490815 -0.0523951 -0.0069765 0.0665871 -0.0138848 -0.0307131 0.9972112
1341846242.269588 0.0680109 -0.0509420 -0.0305274 0.0673220 -0.0149101 -0.0308775 0.9971420
1341846242.301972 0.0470772 -0.0467249 -0.0085978 0.0676448 -0.0132625 -0.0309802 0.9971402
1341846242.333996 0.0455026 -0.0522417 -0.0026781 0.0674288 -0.0129450 -0.0314119 0.9971455
1341846242.366000 0.0487126 -0.0460068 -0.0077251 0.0686334 -0.0131156 -0.0304415 0.9970912
1341846242.401903 0.0469448 -0.0443865 -0.0048776 0.0688904 -0.0132916 -0.0305378 0.9970682
1341846242.433933 0.0534954 -0.0470311 -0.0109127 0.0685344 -0.0136613 -0.0312255 0.9970664
1341846242.469883 0.0526671 -0.0518776 -0.0132759 0.0692355 -0.0131030 -0.0312247 0.9970255
1341846242.501972 0.0500561 -0.0489382 -0.0150538 0.0699966 -0.0127887 -0.0317940 0.9969584
1341846242.534063 0.0522354 -0.0445134 -0.0124951 0.0697755 -0.0132775 -0.0322289 0.9969535
1341846242.569931 0.0527957 -0.0492307 -0.0147838 0.0690700 -0.0129693 -0.0323129 0.9970040
1341846242.602000 0.0520074 -0.0453208 -0.0146626 0.0695512 -0.0126811 -0.0319991 0.9969844
1341846242.634077 0.0549459 -0.0421453 -0.0135180 0.0690922 -0.0130101 -0.0318877 0.9970157
1341846242.670215 0.0561846 -0.0454005 -0.0148454 0.0681458 -0.0131142 -0.0317452 0.9970840
1341846242.701929 0.0538130 -0.0426202 -0.0154303 0.0681713 -0.0127067 -0.0320631 0.9970773
1341846242.737996 0.0516746 -0.0446003 -0.0147307 0.0675636 -0.0129753 -0.0320343 0.9971161
1341846242.769937 0.0546135 -0.0466021 -0.0152473 0.0679138 -0.0135643 -0.0322272 0.9970783
1341846242.869936 0.0526492 -0.0441602 -0.0173877 0.0671354 -0.0133892 -0.0336428 0.9970866
1341846242.969969 0.0498072 -0.0496380 -0.0170531 0.0678143 -0.0138292 -0.0341145 0.9970186
1341846243.809881 0.0553093 -0.0436641 -0.0230801 0.0691106 -0.0143542 -0.0362376 0.9968473
1341846244.115904 0.0548066 -0.0413506 -0.0235725 0.0712807 -0.0132381 -0.0340641 0.9967866
1341846244.551942 0.0624647 -0.0495634 -0.0241430 0.0711732 -0.0123276 -0.0318312 0.9968798
1341846245.487804 0.0728578 -0.0537229 -0.0156653 0.0760010 -0.0030513 -0.0284385 0.9966975
1341846245.760068 0.0707337 -0.0595690 -0.0161512 0.0782050 -0.0017263 -0.0274741 0.9965572
1341846246.289808 0.0618579 -0.0584222 -0.0181868 0.0842096 -0.0006536 -0.0333089 0.9958910
1341846246.389885 0.0589058 -0.0496598 -0.0147891 0.0817728 0.0027659 -0.0361608 0.9959909
1341846246.457915 0.0583368 -0.0459092 -0.0123578 0.0820327 0.0033502 -0.0324548 0.9960954
1341846246.757894 0.0628849 -0.0457043 -0.0071776 0.0779946 0.0058474 -0.0281099 0.9965402
1341846246.826059 0.0621356 -0.0502656 -0.0064249 0.0768278 0.0055873 -0.0289947 0.9966071
1341846247.261953 0.0680569 -0.0698493 -0.0030503 0.0848549 0.0031342 -0.0264846 0.9960364
1341846247.325987 0.0646292 -0.0483619 -0.0030232 0.0928240 0.0041595 -0.0254949 0.9953474
1341846247.630035 0.0672924 -0.0447888 0.0061291 0.0896864 -0.0004153 -0.0248160 0.9956608
1341846247.662701 0.0745787 -0.0538894 0.0051550 0.0876392 -0.0014725 -0.0239319 0.9958637
1341846247.697913 0.0723608 -0.0512616 0.0059853 0.0887236 -0.0005570 -0.0223462 0.9958054
1341846247.730051 0.0689590 -0.0492279 0.0062114 0.0875888 -0.0011434 -0.0217722 0.9959181
1341846247.762180 0.0776305 -0.0636972 0.0067698 0.0868380 -0.0026784 -0.0202394 0.9960132
1341846248.297927 0.0806731 -0.0506837 0.0133334 0.0911720 0.0037473 -0.0260301 0.9954879
1341846248.333956 0.0811895 -0.0608663 0.0188047 0.0905105 0.0032118 -0.0280993 0.9954938
1341846248.402093 0.0788608 -0.0533097 0.0162104 0.0926960 0.0023943 -0.0274978 0.9953118
1341846248.833950 0.0794530 -0.0600391 0.0211451 0.0946178 0.0027966 -0.0295352 0.9950715
1341846248.938035 0.0788534 -0.0557245 0.0187312 0.0976534 0.0028658 -0.0287903 0.9947999
1341846249.306095 0.0865062 -0.0651408 0.0235809 0.0949718 0.0045211 -0.0258959 0.9951329
1341846249.806093 0.0858067 -0.0466086 0.0260689 0.0878943 -0.0018378 -0.0149781 0.9960155
1341846250.010384 0.0890364 -0.0399925 0.0234180 0.0873195 -0.0157062 -0.0084563 0.9960206
1341846250.210137 0.1212105 -0.0296512 0.0207392 0.0887314 -0.0116058 -0.0084974 0.9959517
1341846250.309873 0.1100876 -0.0244884 0.0248931 0.0870491 -0.0062194 -0.0138140 0.9960888
1341846250.745904 0.1106249 -0.0206858 0.0264613 0.0846682 -0.0082360 -0.0058214 0.9963582
1341846250.881824 0.1121455 -0.0254067 0.0266855 0.0815954 -0.0107810 -0.0039718 0.9965993
1341846251.214205 0.1099295 -0.0327821 0.0224719 0.0920907 -0.0094259 -0.0101517 0.9956542
1341846251.350003 0.1003881 -0.0269147 0.0189204 0.0909059 -0.0156126 -0.0103239 0.9956836
1341846251.449878 0.0991465 -0.0192922 0.0253692 0.0891670 -0.0190962 -0.0123758 0.9957567
1341846251.517870 0.0981682 -0.0177973 0.0267480 0.0854480 -0.0225556 -0.0119406 0.9960157
1341846251.618241 0.0957633 -0.0239004 0.0289689 0.0831567 -0.0231424 -0.0100997 0.9962166
