1341846313.592026 0.0000000 0.0000000 0.0000000 -0.0000000 -0.0000000 -0.0000000 1.0000000
1341846313.957927 0.0962474 0.0131246 0.0133108 -0.0025901 -0.0030921 0.0054825 0.9999769
1341846314.022042 0.0988341 0.0271029 0.0046894 -0.0051635 0.0064187 0.0104674 0.9999113
1341846314.122037 0.1241974 0.0341514 0.0057288 -0.0080739 0.0171764 0.0153485 0.9997021
1341846314.862145 0.2708963 0.0205409 0.0092045 -0.0022981 0.0784098 0.0157910 0.9967935
1341846315.061965 0.3214541 0.0277298 -0.0032277 -0.0094136 0.0890941 0.0293623 0.9955459
1341846315.161941 0.3321613 0.0463137 -0.0037946 -0.0076131 0.0888376 0.0302505 0.9955575
1341846315.262069 0.3475191 0.0401828 0.0106629 -0.0219312 0.0820115 0.0268640 0.9960278
1341846315.361981 0.3743871 0.0277428 0.0194935 -0.0157763 0.0741615 0.0314786 0.9966245
1341846315.466047 0.4023625 0.0334803 -0.0075870 -0.0091588 0.0776402 0.0404372 0.9961190
1341846315.866751 0.3874520 0.0333027 0.0198030 -0.0163433 0.0982919 0.0388658 0.9942641
1341846316.066113 0.3579414 0.0170542 0.0160179 -0.0044405 0.1030326 0.0340934 0.9940836
1341846316.470076 0.2627880 0.0022053 0.0222428 0.0073380 0.0941892 0.0320388 0.9950116
1341846316.906344 0.1499549 -0.0102589 -0.0001163 0.0219767 0.0789579 0.0321775 0.9961161
1341846317.106113 0.1123832 -0.0136859 0.0279078 0.0242324 0.0670417 0.0335392 0.9968919
1341846317.442569 0.0481664 -0.0426651 0.0197561 0.0336153 0.0414948 0.0593904 0.9968054
1341846318.109894 -0.1541408 -0.0192870 0.0330753 0.0523317 0.0312587 0.0488449 0.9969445
1341846318.883516 -0.3684839 -0.0375307 0.0341282 0.0768114 -0.0433099 0.0321371 0.9955860
1341846319.318034 -0.4654233 -0.0237369 0.0301764 0.0865748 -0.0712623 0.0379783 0.9929674
1341846319.686352 -0.5733794 -0.0440927 -0.0024820 0.0821801 -0.0996723 0.0407832 0.9907818
1341846320.426544 -0.4675509 -0.0418484 0.0602646 0.1116999 -0.1168693 0.0508933 0.9855326
1341846320.594093 -0.3942642 -0.0499677 0.0376804 0.1216415 -0.0852736 0.0396249 0.9881101
1341846320.699927 -0.3629428 -0.0506771 0.0341255 0.1238295 -0.0711970 0.0371163 0.9890499
1341846320.931889 -0.2963626 -0.0406300 0.0311561 0.1123601 -0.0485959 0.0311472 0.9919897
1341846322.433955 -0.0252115 -0.1633295 0.0690318 0.0564893 0.0259449 -0.0020577 0.9980639
1341846322.534002 -0.0135255 -0.1946570 0.0657503 0.0810726 0.0174977 0.0048115 0.9965430
1341846323.742111 0.0329026 -0.4872191 0.0779750 0.1005997 0.0043998 0.0199773 0.9947167
1341846323.909826 0.0316312 -0.5200859 0.0742406 0.1109986 -0.0012475 -0.0001677 0.9938198
1341846327.294023 0.0195517 0.4288240 0.2478742 0.0718204 0.0548712 0.0561349 0.9943238
1341846327.429966 -0.0271238 0.5053419 0.2720054 0.0708047 0.0793721 0.0399985 0.9935225
1341846327.497931 -0.0239680 0.5167341 0.2663619 0.0558442 0.0719866 0.0352557 0.9952168
1341846327.629945 -0.0432642 0.5698900 0.2912485 0.0569111 0.0634250 0.0491174 0.9951512
1341846327.697919 -0.0442468 0.5928778 0.2881138 0.0590313 0.0595431 0.0458968 0.9954212
1341846327.865944 -0.0392997 0.6573222 0.2942138 0.0355112 0.0572912 0.0498969 0.9964773
1341846328.302051 -0.0656044 0.6335168 0.2866431 0.0122810 0.0531537 0.0444482 0.9975210
1341846328.570125 -0.0530529 0.4200122 0.2421018 0.0301655 0.0574425 0.0315715 0.9973934
1341846331.382003 -0.0165559 -0.0992076 0.0594355 0.0240812 -0.0423058 0.0254672 0.9984897
1341846333.262056 0.0481215 0.0318696 0.5907934 0.0317544 0.0277873 0.0325889 0.9985778
1341846333.494040 0.0807054 0.0239588 0.6187606 0.0173650 0.0196861 0.0289839 0.9992352
1341846334.166115 0.0419921 0.0140358 0.5466926 0.0370394 0.0298585 0.0290145 0.9984462
1341846335.974198 -0.0891680 0.0244306 0.0382428 0.0431895 0.0053098 0.0129874 0.9989684
1341846336.477990 -0.1276455 0.0391445 -0.0856192 0.0461400 -0.0041384 0.0162192 0.9987948
1341846336.546024 -0.1301871 0.0343553 -0.0987112 0.0468570 -0.0036991 0.0191847 0.9987105
1341846336.578003 -0.1338665 0.0428092 -0.1071842 0.0471223 -0.0039029 0.0206585 0.9986678
1341846336.614020 -0.1303289 0.0427707 -0.1082115 0.0465302 -0.0035310 0.0194072 0.9987221
1341846336.645982 -0.1407673 0.0494592 -0.1130772 0.0456147 -0.0015503 0.0189542 0.9987781
1341846336.678036 -0.1395234 0.0460838 -0.1197530 0.0434595 -0.0040536 0.0205719 0.9988351
1341846336.714024 -0.1457689 0.0376874 -0.1137213 0.0446760 -0.0060143 0.0197194 0.9987888
1341846336.746016 -0.1505380 0.0307975 -0.1316365 0.0477771 -0.0075481 0.0220593 0.9985859
1341846336.778014 -0.1566076 0.0408497 -0.1320213 0.0512838 -0.0117340 0.0256255 0.9982864
1341846336.820006 -0.1484323 0.0430528 -0.1456864 0.0515629 -0.0163191 0.0281744 0.9981388
1341846336.914273 -0.1653951 0.0375200 -0.1604806 0.0567559 -0.0221211 0.0278997 0.9977530
1341846336.945998 -0.1564722 0.0298779 -0.1742378 0.0625325 -0.0295438 0.0300391 0.9971532
1341846336.981980 -0.1664733 0.0496577 -0.1818751 0.0669370 -0.0323561 0.0282566 0.9968321
1341846337.014238 -0.1639219 0.0577513 -0.1836707 0.0643407 -0.0355171 0.0255386 0.9969687
1341846337.082104 -0.1729187 0.0546034 -0.1824838 0.0615268 -0.0366614 0.0175060 0.9972783
1341846337.114317 -0.1740184 0.0491358 -0.1948825 0.0589949 -0.0387955 0.0171469 0.9973568
1341846337.150037 -0.1716920 0.0517822 -0.1935180 0.0576955 -0.0408702 0.0155411 0.9973763
1341846337.181873 -0.1613563 0.0505425 -0.1997487 0.0571087 -0.0410313 0.0124581 0.9974467
1341846337.214073 -0.1693393 0.0623337 -0.2006041 0.0552846 -0.0391652 0.0104702 0.9976473
1341846337.250087 -0.1790572 0.0463155 -0.2099561 0.0515603 -0.0404296 0.0121036 0.9977778
1341846337.282028 -0.1780197 0.0499174 -0.2113935 0.0532889 -0.0448162 0.0151938 0.9974573
1341846337.350018 -0.1727700 0.0624447 -0.2157919 0.0518150 -0.0458681 0.0155530 0.9974816
1341846337.518008 -0.1749084 0.0474034 -0.2255256 0.0492045 -0.0474937 0.0157623 0.9975344
1341846337.585971 -0.1738612 0.0500145 -0.2343451 0.0463965 -0.0484903 0.0129787 0.9976611
1341846337.650141 -0.1713260 0.0508939 -0.2319532 0.0505261 -0.0496629 0.0130110 0.9974024
1341846337.686352 -0.1753732 0.0565006 -0.2298743 0.0490746 -0.0490418 0.0128638 0.9975075
1341846337.786157 -0.1680911 0.0630079 -0.2194624 0.0437881 -0.0440483 0.0123862 0.9979925
1341846337.817945 -0.1604600 0.0552130 -0.2088974 0.0410616 -0.0426409 0.0144803 0.9981413
1341846337.885951 -0.1652320 0.0698914 -0.2026766 0.0371672 -0.0363276 0.0120246 0.9985762
1341846337.918223 -0.1588417 0.0678493 -0.1990993 0.0327287 -0.0353826 0.0094161 0.9987934
1341846337.954120 -0.1610921 0.0660884 -0.1876058 0.0303096 -0.0337292 0.0089610 0.9989311
1341846337.985994 -0.1567047 0.0758993 -0.1852645 0.0279173 -0.0333001 0.0095287 0.9990100
1341846338.018107 -0.1551557 0.0685714 -0.1764546 0.0239997 -0.0315298 0.0103701 0.9991608
1341846338.054055 -0.1523278 0.0767124 -0.1740872 0.0220472 -0.0301128 0.0092982 0.9992601
1341846338.085986 -0.1450362 0.0724371 -0.1612503 0.0179756 -0.0274215 0.0096648 0.9994156
1341846338.154089 -0.1521746 0.0695340 -0.1455468 0.0152247 -0.0240259 0.0149000 0.9994844
1341846338.186029 -0.1481314 0.0707679 -0.1365553 0.0142077 -0.0246735 0.0168879 0.9994519
1341846338.222071 -0.1398721 0.0754318 -0.1307140 0.0129970 -0.0240396 0.0165184 0.9994900
1341846338.290130 -0.1385062 0.0682280 -0.1082894 0.0113627 -0.0221350 0.0188154 0.9995133
1341846338.422377 -0.1349512 0.0760169 -0.0744077 0.0087981 -0.0192936 0.0216439 0.9995409
1341846338.722454 -0.1097858 0.0809206 0.0205769 0.0026681 -0.0201761 0.0223924 0.9995421
1341846338.858027 -0.1085162 0.0892570 0.0509493 0.0013220 -0.0194807 0.0219674 0.9995680
1341846339.025928 -0.0864351 0.0850225 0.1138397 0.0007169 -0.0181187 0.0199298 0.9996369
1341846339.157969 -0.0779680 0.0999937 0.1447606 -0.0028710 -0.0148614 0.0184129 0.9997159
1341846339.326577 -0.0753161 0.1219783 0.1922456 -0.0134859 -0.0145072 0.0266446 0.9994487
1341846339.496743 -0.0368087 0.1122834 0.2436828 -0.0204036 -0.0143288 0.0218248 0.9994509
1341846339.664568 -0.0226527 0.1111867 0.2885677 -0.0156088 -0.0042406 0.0193390 0.9996821
1341846339.997845 0.0113647 0.1015647 0.3631993 -0.0149947 -0.0000553 0.0201402 0.9996847
1341846340.334063 0.0272874 0.1050672 0.4293157 -0.0097360 0.0115713 0.0223984 0.9996348
1341846340.601909 0.0593384 0.0935231 0.4450951 -0.0042971 -0.0007115 0.0247105 0.9996852
1341846341.538156 0.0734294 0.0915840 0.3856574 0.0141927 -0.0108025 0.0158115 0.9997159
