1341846313.592026 0.000000000 0.000000000 0.000000000 -0.000000000 -0.000000000 -0.000000000 1.000000000
1341846313.654184 0.010037150 -0.000917342 -0.003727422 -0.001101731 -0.003880228 0.005407321 0.999977231
1341846313.686156 0.016297089 0.001778539 -0.003178495 0.000548528 -0.005919633 0.004796985 0.999970853
1341846313.721918 0.023031684 0.004824185 -0.005593647 0.000783107 -0.007184717 0.005886989 0.999956548
1341846313.753994 0.026857894 0.002935776 -0.002291733 -0.000038955 -0.007446844 0.007083729 0.999947190
1341846313.789969 0.033175282 0.009789377 0.000057903 0.002362214 -0.008067221 0.005414410 0.999950051
1341846313.822075 0.016120045 0.011689618 -0.005171069 0.002617940 -0.002486840 0.002922707 0.999989212
1341846313.853928 0.015715990 0.013300078 0.000342785 0.002297529 0.000758713 0.001775020 0.999995530
1341846313.890011 0.004538578 0.025767399 -0.000031829 0.004464658 0.005628494 0.001012292 0.999973655
1341846313.922055 -0.015858566 0.028635746 -0.003917567 0.002707560 0.010766158 0.001256412 0.999937594
1341846313.957927 -0.042726547 0.028770648 -0.010983407 0.000714919 0.020767221 0.002436416 0.999781132
1341846313.990058 -0.064109020 0.027750896 -0.008427312 -0.000657047 0.031216394 0.003397113 0.999506712
1341846314.022042 -0.096073568 0.028065022 -0.011637169 -0.003155076 0.038921606 0.005986112 0.999219418
1341846314.057816 -0.119833402 0.029410357 -0.012239157 -0.006582357 0.047178432 0.008546989 0.998828232
1341846314.089801 -0.138674229 0.028266115 -0.006669284 -0.005868699 0.056710321 0.008078621 0.998340726
1341846314.122037 -0.150875375 0.021986512 -0.004623703 -0.008771362 0.063109040 0.010883874 0.997908771
1341846314.157989 -0.197335035 0.050815463 -0.007588882 -0.004668682 0.076435491 0.007536509 0.997035146
1341846314.190094 -0.205046743 0.049362056 -0.005173268 -0.004924638 0.082322061 0.008978964 0.996553183
1341846314.225969 -0.229059994 0.049667850 -0.007205623 -0.008143255 0.089433968 0.012472870 0.995881379
1341846314.257923 -0.223076016 0.055078812 0.000736473 -0.008654995 0.091309644 0.012676529 0.995704293
1341846314.290052 -0.235326514 0.059849627 0.001245894 -0.006701317 0.095551819 0.011385099 0.995336771
1341846314.325981 -0.276734948 0.086381890 -0.007785060 -0.003192888 0.104946434 0.007149074 0.994447052
1341846314.357905 -0.267573088 0.088196807 0.001904618 -0.003459349 0.107756294 0.006578208 0.994149625
1341846314.389899 -0.279310465 0.091790207 0.002119598 -0.001162174 0.113122240 0.005352172 0.993565977
1341846314.427905 -0.293616980 0.104242787 0.004093111 0.000916985 0.118860163 0.003990862 0.992902577
1341846314.493987 -0.313271254 0.107021280 -0.005225925 0.002142141 0.133981928 -0.003611668 0.990974903
1341846314.526085 -0.326102078 0.109422244 -0.014045952 0.002008067 0.138809443 -0.004963606 0.990304649
1341846314.558292 -0.310197979 0.112198941 -0.006838375 0.001230671 0.140707254 -0.005668325 0.990034342
1341846314.594085 -0.339307785 0.116945170 0.001935110 0.004959622 0.151903644 -0.005076463 0.988369882
1341846314.626096 -0.364275992 0.113877989 -0.011368424 0.004328550 0.159730852 -0.003074687 0.987146318
1341846314.658455 -0.354869664 0.140900016 -0.018158264 0.006646447 0.161096573 -0.004045737 0.986907959
1341846314.694004 -0.336979598 0.142509863 -0.010077940 0.007656411 0.163841754 -0.006040106 0.986438453
1341846314.725910 -0.357814163 0.138122454 -0.007219675 0.012272319 0.170124128 -0.003396578 0.985340357
1341846314.761942 -0.355532795 0.138586834 -0.008806247 0.016309664 0.170409769 0.000613585 0.985238135
1341846314.794030 -0.357451856 0.149561435 -0.009930707 0.021383962 0.174512863 -0.000702809 0.984422445
1341846314.826092 -0.394336849 0.169592917 -0.017419413 0.026970370 0.185142711 -0.000839004 0.982341111
1341846314.862145 -0.399611473 0.171824381 -0.020409137 0.027248466 0.190522090 0.000061648 0.981304705
1341846314.894072 -0.400480092 0.173976332 -0.019349206 0.027797677 0.195731908 0.001591070 0.980262160
1341846314.925969 -0.458125502 0.171780333 -0.005882885 0.027903661 0.209054962 0.006916074 0.977481246
1341846314.961937 -0.469113886 0.170260757 -0.011995142 0.024479095 0.211312220 0.012646879 0.977030158
1341846314.994564 -0.465273529 0.173936799 -0.014824146 0.021719391 0.212604493 0.011577166 0.976828337
1341846315.029900 -0.505834222 0.201655492 0.004621159 0.025958622 0.225069270 0.007779070 0.973965824
1341846315.061965 -0.515419781 0.197705790 -0.001130885 0.024924187 0.228774831 0.012297604 0.973082602
1341846315.094388 -0.502901912 0.207777292 -0.000819763 0.027029641 0.225873679 0.012088103 0.973706543
1341846315.129851 -0.528973222 0.229546666 -0.007628944 0.032983504 0.231294423 0.009176221 0.972281277
1341846315.161941 -0.552585483 0.214857563 -0.016798533 0.026555153 0.234933883 0.015346557 0.971527398
1341846315.197984 -0.566957414 0.241978690 -0.014735073 0.024182100 0.235687807 0.011544283 0.971459329
1341846315.230076 -0.593438148 0.253774136 -0.010792922 0.022516869 0.240540773 0.008458573 0.970340967
1341846315.262069 -0.590451777 0.247497633 -0.012827449 0.019202005 0.237787500 0.012443031 0.971047699
1341846315.298000 -0.578234494 0.251454026 -0.012156527 0.018086990 0.232783258 0.013808424 0.972262442
1341846315.329931 -0.607984662 0.294088006 -0.002853464 0.030230114 0.237732440 0.011221859 0.970795274
1341846315.361981 -0.624565661 0.300941676 -0.001954034 0.036776286 0.240233734 0.012609554 0.969936252
1341846315.397962 -0.620450914 0.303953290 -0.005213950 0.040223669 0.239618763 0.015712941 0.969906211
1341846315.429923 -0.664235473 0.325282842 0.011915278 0.047835678 0.249987602 0.017262185 0.966912627
1341846315.466047 -0.696574807 0.338093221 0.017109778 0.050624203 0.259830296 0.018469898 0.964149535
1341846315.497883 -0.716380775 0.345266193 0.021577489 0.052359547 0.265977353 0.022942673 0.962282836
1341846315.530008 -0.720197022 0.347766280 0.022606585 0.053020336 0.268030167 0.023867624 0.961654365
1341846315.566108 -0.724283993 0.346547693 0.026721325 0.051780306 0.270780146 0.025099991 0.960919917
1341846315.597986 -0.717473686 0.348618269 0.029620998 0.051900465 0.271331161 0.023654323 0.960794568
1341846315.630109 -0.729477286 0.351817757 0.036944672 0.052623771 0.275081635 0.022871891 0.959707141
1341846315.666042 -0.725134850 0.345191568 0.025992282 0.049447197 0.275331259 0.022825470 0.959805548
1341846315.698114 -0.749950409 0.359749228 0.037139166 0.045975048 0.283382326 0.020964367 0.957674921
1341846315.733985 -0.721642435 0.348665714 0.032575093 0.043443207 0.281426340 0.024447680 0.958287120
1341846315.766041 -0.734725177 0.350626469 0.031661607 0.044005368 0.280596644 0.024483014 0.958503902
1341846315.798188 -0.723820984 0.348175377 0.029183511 0.042298522 0.278551400 0.024478506 0.959177136
1341846315.834140 -0.736085415 0.351751566 0.043536820 0.044103704 0.283372998 0.022822687 0.957723260
1341846315.866751 -0.722673237 0.351291120 0.029893510 0.046518933 0.281356663 0.022508118 0.958210707
1341846315.898492 -0.731747270 0.352057844 0.038740668 0.048140131 0.283353001 0.021973049 0.957554579
1341846315.936901 -0.728722036 0.344336629 0.041880056 0.049773227 0.284461707 0.021091029 0.957162142
1341846315.966572 -0.730478883 0.346764177 0.038110148 0.053527437 0.285130233 0.019755647 0.956789136
1341846316.034204 -0.753968954 0.345936149 0.043014757 0.057225760 0.287246704 0.018511878 0.955966473
1341846316.066113 -0.756302893 0.348948002 0.043222472 0.060472943 0.286191046 0.018451093 0.956084371
1341846316.101867 -0.767472863 0.355984330 0.052080728 0.063012704 0.285979241 0.018958906 0.955973804
1341846316.134066 -0.764850736 0.354572088 0.052481025 0.060989648 0.281563431 0.017208325 0.957447767
1341846316.202049 -0.798013687 0.339087129 0.079957083 0.058546744 0.282096863 0.012192965 0.957520247
1341846316.233979 -0.784205616 0.334225029 0.075777009 0.057337400 0.277792126 0.010947686 0.958866060
1341846316.270052 -0.807404816 0.321328014 0.070537724 0.052706830 0.281315416 0.005814577 0.958149254
1341846316.301915 -0.815495491 0.323355854 0.082976386 0.054128591 0.283826858 0.004719275 0.957334936
1341846316.334208 -0.828878522 0.334930420 0.089341402 0.058416601 0.283889532 0.006410140 0.957054436
1341846316.370006 -0.821588337 0.328769028 0.089894287 0.059810616 0.280479372 0.007259550 0.957967341
1341846316.401994 -0.833957314 0.325468212 0.089786530 0.062177937 0.280856967 0.011523820 0.957664073
1341846316.438069 -0.820916355 0.326298714 0.087206595 0.065363191 0.277454197 0.012905817 0.958425939
1341846316.470076 -0.824327469 0.303825408 0.105027281 0.066939265 0.277163118 0.017976414 0.958319724
1341846316.502034 -0.796675503 0.304541290 0.082087770 0.067852050 0.267290086 0.018811708 0.961040199
1341846316.537975 -0.749760211 0.286282748 0.057466585 0.060987391 0.254706204 0.016728995 0.964948416
1341846316.570121 -0.721105278 0.283770949 0.060097735 0.060733896 0.249188915 0.013198721 0.966458559
1341846316.601885 -0.679974914 0.279293358 0.053245157 0.061569959 0.241216525 0.010506241 0.968459308
1341846316.638009 -0.650819302 0.272016436 0.052929945 0.062944204 0.234055594 0.010216449 0.970129728
1341846316.669925 -0.614253044 0.271497816 0.039749444 0.065315150 0.225708842 0.009512655 0.971956253
1341846316.705941 -0.595728517 0.267362833 0.041129075 0.069419615 0.221699193 0.009341644 0.972596109
1341846316.738062 -0.580497146 0.276368499 0.031121103 0.073367327 0.216966107 0.010369532 0.973362923
1341846316.770433 -0.539429784 0.257908255 0.014481042 0.068435192 0.207194567 0.013230120 0.975813508
1341846316.805932 -0.522330880 0.257886410 0.011454638 0.069650263 0.202967927 0.011104460 0.976642013
1341846316.838029 -0.497519672 0.249875665 0.018333815 0.069364995 0.196886271 0.011507205 0.977901816
1341846316.870034 -0.475714296 0.248913839 0.016884033 0.070049606 0.188324198 0.011682394 0.979535878
1341846316.906344 -0.486475736 0.245997593 0.019601524 0.070775263 0.186376020 0.011888484 0.979853868
1341846316.937940 -0.428750992 0.227557391 -0.016402610 0.066433698 0.173493028 0.010706080 0.982533574
1341846316.973994 -0.436003625 0.222954944 -0.010538758 0.064772390 0.171713307 0.010189908 0.982962489
1341846317.005913 -0.437967867 0.223982707 -0.010081811 0.063676193 0.168221623 0.012246699 0.983614206
1341846317.037936 -0.445086956 0.224972785 -0.005599206 0.064765416 0.166116491 0.012877075 0.983892739
1341846317.073972 -0.450671732 0.217036679 0.000106823 0.064719714 0.164735213 0.012927455 0.984127283
1341846317.106113 -0.406120986 0.201192558 -0.010417935 0.065858863 0.153911576 0.020176895 0.985680878
1341846317.137887 -0.428724468 0.202466637 -0.013593879 0.069897689 0.148416653 0.025620265 0.986118853
1341846317.173970 -0.426925004 0.207294360 -0.020003311 0.071621686 0.139393404 0.027846342 0.987250924
1341846317.205887 -0.443811923 0.198578641 -0.019424848 0.070133924 0.138324142 0.026507674 0.987544954
1341846317.248131 -0.463266820 0.203911409 -0.011197587 0.073030002 0.137550861 0.028423658 0.987389803
1341846317.306289 -0.491085052 0.201297060 -0.006017335 0.073731385 0.134700105 0.029521743 0.987698376
1341846317.348137 -0.510539114 0.199000716 -0.001719535 0.074876398 0.138751447 0.029966909 0.987037778
1341846317.410120 -0.535002947 0.209591240 0.005511838 0.078387938 0.139424294 0.033010174 0.986573100
1341846317.442569 -0.520850420 0.208383709 -0.010768845 0.081803009 0.134618878 0.037284244 0.986810982
1341846317.474010 -0.529155374 0.210206628 -0.006886060 0.088345297 0.134958938 0.039323758 0.986121118
1341846317.509927 -0.530234873 0.215912670 -0.008962509 0.091825895 0.131104738 0.042279709 0.986200809
1341846317.542282 -0.536400259 0.215517759 -0.008172067 0.090856552 0.128500789 0.042795636 0.986610949
1341846317.573943 -0.537465513 0.200164869 -0.015276600 0.087490432 0.128390297 0.041923426 0.986966968
1341846317.610159 -0.541061759 0.201677129 -0.016207429 0.090714090 0.129491553 0.042942438 0.986488163
1341846317.643553 -0.554606438 0.202911094 0.003182249 0.094006456 0.130982265 0.046632782 0.985815346
1341846317.677993 -0.558934927 0.203560874 0.013168698 0.095474944 0.127218321 0.049286496 0.986038029
1341846317.709996 -0.561622024 0.201267064 0.017005539 0.097796850 0.124799535 0.048343122 0.986166239
1341846317.741834 -0.566771448 0.209202707 0.015361698 0.098491646 0.123140931 0.047377825 0.986352444
1341846317.777923 -0.590306759 0.210921928 0.019729471 0.095932581 0.123805277 0.043732852 0.986689746
1341846317.810021 -0.589429736 0.210048169 0.030829340 0.095614515 0.121508181 0.042479251 0.987060905
1341846317.841886 -0.602803588 0.206144974 0.022750326 0.094171442 0.121322870 0.043561731 0.987175226
1341846317.878017 -0.583639145 0.213275298 0.017294535 0.092471935 0.117096730 0.041540366 0.987933099
1341846317.909910 -0.596245885 0.212975711 0.030487519 0.091430090 0.120068334 0.034895118 0.987930417
1341846317.946031 -0.600569367 0.208614543 0.034502748 0.092630684 0.120729923 0.038059462 0.987621069
1341846317.978041 -0.631081164 0.188538566 0.055520654 0.092764549 0.122901142 0.038327944 0.987330317
1341846318.009897 -0.617855489 0.190245926 0.054072242 0.094763055 0.120592676 0.036174577 0.987506330
1341846318.045949 -0.574300289 0.205735251 0.039940361 0.096277215 0.113048993 0.037212126 0.988213480
1341846318.078074 -0.529388785 0.193310484 0.042492986 0.092101991 0.101601399 0.032292981 0.990026057
1341846318.109894 -0.513806880 0.190128893 0.039571162 0.090443708 0.093531698 0.027413219 0.991120756
1341846318.145957 -0.527876139 0.206032708 0.034260910 0.093139909 0.093939126 0.029359536 0.990776658
1341846318.178001 -0.529101551 0.209069967 0.040269274 0.092962421 0.093683243 0.026875820 0.990888059
1341846318.214074 -0.509083092 0.223626897 0.022948828 0.096295565 0.085866809 0.022713652 0.991381943
1341846318.245970 -0.495008707 0.227840006 0.031596594 0.100843936 0.076011039 0.024004813 0.991703928
1341846318.278018 -0.493919432 0.227903813 0.033141263 0.104465157 0.069824263 0.023878111 0.991787016
1341846318.313937 -0.452915817 0.223504797 0.019544266 0.104716182 0.053145606 0.021139538 0.992856085
1341846318.345989 -0.446723789 0.219419137 0.028503764 0.105855145 0.041856330 0.017987752 0.993337452
1341846318.382046 -0.445213675 0.218672231 0.031336620 0.107455790 0.033527542 0.016540509 0.993506730
1341846318.414072 -0.469014436 0.231044874 0.034024529 0.111533605 0.029389272 0.023923691 0.993037879
1341846318.446035 -0.456450164 0.244511008 0.029383974 0.116477117 0.020154811 0.021934010 0.992746592
1341846318.482196 -0.476022184 0.231881887 0.032080598 0.114726312 0.020024924 0.020443723 0.992984831
1341846318.514144 -0.473793328 0.232332557 0.035231937 0.114961222 0.016922466 0.022006437 0.992982030
1341846318.546259 -0.494112819 0.217618302 0.025008591 0.114730820 0.018475760 0.019914065 0.993025184
1341846318.582042 -0.488866925 0.219540611 0.020275136 0.115640588 0.015704300 0.020059600 0.992964447
1341846318.614115 -0.483087301 0.222612262 0.020333515 0.115789250 0.012505258 0.020174632 0.992990196
1341846318.650038 -0.522710741 0.227431938 0.033895526 0.116389774 0.018326180 0.016332164 0.992900193
1341846318.682350 -0.534314632 0.224029303 0.034305759 0.115315229 0.018485859 0.015109095 0.993041992
1341846318.714063 -0.540994942 0.227621928 0.025362857 0.114805602 0.016895331 0.014083518 0.993144453
1341846318.749905 -0.559687436 0.220234692 0.029391026 0.114895202 0.018756066 0.015017900 0.993087053
1341846318.782036 -0.561051369 0.213969439 0.011666902 0.115643553 0.015466008 0.019033555 0.992987990
1341846318.814121 -0.577236533 0.217064172 0.012603779 0.116030052 0.011274179 0.016295930 0.993048012
1341846318.850072 -0.595269442 0.217006281 0.006764632 0.116361581 0.006810803 0.011614898 0.993115723
1341846318.883516 -0.610897541 0.208600238 0.011667678 0.118596330 -0.000199387 0.011485053 0.992876112
1341846318.918047 -0.621561646 0.220299587 0.013125920 0.122743227 -0.014112533 0.009106184 0.992296338
1341846318.950044 -0.626910090 0.215053648 0.015821870 0.124098644 -0.023338979 0.006137711 0.991976380
1341846318.982028 -0.630321622 0.215281248 0.009421683 0.125094831 -0.027896700 0.003646044 0.991745830
1341846319.018123 -0.645896614 0.214431986 0.003548828 0.124403797 -0.032779850 0.003593768 0.991683602
1341846319.050745 -0.644542634 0.208106548 0.009207759 0.125808418 -0.039693203 0.001161497 0.991259515
1341846319.081905 -0.654526472 0.213797912 0.005018699 0.131514892 -0.039088562 -0.002106375 0.990541041
1341846319.117976 -0.676874042 0.226006418 -0.013761259 0.134604126 -0.037327264 0.002447204 0.990193129
1341846319.150093 -0.691243649 0.221096590 -0.015735159 0.136292338 -0.041829206 0.010185561 0.989732802
1341846319.186069 -0.661690414 0.231892124 0.006290538 0.138904557 -0.045924351 0.010875793 0.989180565
1341846319.218149 -0.690230906 0.245575339 -0.004492867 0.136723593 -0.038552634 0.007602306 0.989829600
1341846319.250034 -0.692346036 0.237117589 0.015374898 0.129284054 -0.032934181 0.009122664 0.991018534
1341846319.286594 -0.688686073 0.225621536 0.009145278 0.126275524 -0.031272750 0.014756305 0.991392374
1341846319.318034 -0.698942661 0.231068373 -0.006102934 0.127915695 -0.030090854 0.016673462 0.991188228
1341846319.350268 -0.718439996 0.226994812 0.017419271 0.128496394 -0.029468831 0.023030777 0.991004467
1341846319.386163 -0.733630657 0.224103555 0.025662908 0.130868927 -0.034938931 0.032090656 0.990264058
1341846319.418386 -0.734295845 0.225819647 0.008554339 0.131627515 -0.040388662 0.032468867 0.989943802
1341846319.453961 -0.737963676 0.230719075 -0.001992580 0.132258788 -0.042044226 0.027356075 0.989945233
1341846319.486271 -0.756256342 0.234207496 -0.006017259 0.131460294 -0.041321963 0.026338067 0.990109682
1341846319.554083 -0.772565484 0.231131613 -0.004329419 0.125689089 -0.047289085 0.025040781 0.990625620
1341846319.586296 -0.785883844 0.232001871 0.015539518 0.126715928 -0.046450432 0.020346768 0.990641952
1341846319.622031 -0.803275526 0.231099218 0.004773120 0.124633625 -0.049588289 0.018838987 0.990783811
1341846319.653962 -0.803982496 0.222560242 0.017209483 0.123170838 -0.055385277 0.017293122 0.990687847
1341846319.686352 -0.807413578 0.217332676 -0.010053392 0.123935230 -0.059539631 0.019808248 0.990304351
1341846319.721992 -0.806228042 0.231966630 -0.003893221 0.126513064 -0.064775765 0.020375473 0.989638031
1341846319.754063 -0.826842248 0.245972753 0.014212918 0.123676494 -0.065683886 0.018287072 0.989977479
1341846319.786397 -0.822731435 0.239731044 -0.001094797 0.118718952 -0.066464096 0.023599297 0.990419865
1341846319.822008 -0.831999898 0.239511535 -0.015205117 0.115212470 -0.066837259 0.028032428 0.990693271
1341846319.853917 -0.846172273 0.246120021 0.001035928 0.111210801 -0.067065090 0.030150468 0.991072893
1341846319.889942 -0.846238494 0.234134048 0.010069633 0.107485302 -0.068715170 0.034436692 0.991231263
1341846319.922039 -0.855896711 0.218043089 -0.017749147 0.105388761 -0.072336696 0.038821720 0.991036594
1341846319.953946 -0.848200142 0.211402476 -0.000729734 0.105375536 -0.079388008 0.034987163 0.990640938
1341846319.990054 -0.853621960 0.222938284 0.006406251 0.108770303 -0.081935048 0.025058361 0.990367532
1341846320.028122 -0.863573015 0.223814324 0.005861125 0.111012444 -0.084355861 0.023438366 0.989955068
1341846320.090047 -0.840460300 0.235106304 0.015705263 0.117326625 -0.093916133 0.022654530 0.988383114
1341846320.122011 -0.826588869 0.235279739 0.015785966 0.118158676 -0.092480034 0.024933916 0.988364458
1341846320.157952 -0.804183066 0.233316705 0.021962024 0.118097082 -0.092743076 0.024171518 0.988366127
1341846320.190003 -0.800385118 0.224901155 0.034391463 0.121387877 -0.087303504 0.023805555 0.988471746
1341846320.221941 -0.793705523 0.223076597 0.037891001 0.125516713 -0.083916686 0.024419175 0.988234460
1341846320.258015 -0.796950638 0.214323789 0.018101001 0.128742024 -0.082191326 0.028299809 0.987860918
1341846320.289887 -0.787127078 0.200739115 0.003725322 0.132830784 -0.083073363 0.028145140 0.987250090
1341846320.321954 -0.771406054 0.204675168 0.013082383 0.142864034 -0.085031472 0.027920863 0.985687554
1341846320.357890 -0.751646221 0.221773058 0.046478868 0.150027007 -0.086156555 0.028247276 0.984515667
1341846320.390064 -0.723693669 0.222135052 0.034041978 0.151275441 -0.083463483 0.028625656 0.984545708
1341846320.426544 -0.701821387 0.221268430 0.036880367 0.154719412 -0.075192228 0.024259849 0.984794140
1341846320.458122 -0.713499665 0.218830019 0.051870093 0.155624822 -0.066525735 0.022650659 0.985313296
1341846320.490186 -0.674779594 0.218791381 0.032641090 0.158428982 -0.061386555 0.024329981 0.985159874
1341846320.525911 -0.629077613 0.223286659 0.033233453 0.163103133 -0.054555558 0.020692082 0.984882236
1341846320.558091 -0.671284556 0.219740301 0.015911685 0.163231507 -0.047597717 0.018316545 0.985268712
1341846320.594093 -0.619080603 0.225245774 0.006471494 0.164409265 -0.044770807 0.014058859 0.985275328
1341846320.631955 -0.641505778 0.216559008 0.010630455 0.167388067 -0.034325939 0.014050774 0.985193193
1341846320.631955 -0.639187276 0.214761764 0.018858602 0.167261615 -0.034502450 0.013844230 0.985211432
1341846320.664916 -0.629190385 0.218991905 0.012585759 0.167559713 -0.032075483 0.012295840 0.985263348
1341846320.699927 -0.607149065 0.212051123 0.001164588 0.166651696 -0.029307123 0.010469426 0.985524595
1341846320.731822 -0.596331716 0.219271824 0.011225941 0.169638440 -0.022191528 0.010019047 0.985205591
1341846320.763877 -0.608604372 0.250254929 0.005156370 0.168870151 -0.019845603 0.011186951 0.985375047
1341846320.799999 -0.581401408 0.227431580 0.023381451 0.160682499 -0.022246037 0.006748291 0.986732364
1341846320.831871 -0.529109597 0.216587797 -0.005183236 0.161018535 -0.013959792 0.000497280 0.986852527
1341846320.863887 -0.584002376 0.227893516 -0.004219901 0.160582960 -0.000608756 0.003120144 0.987017274
1341846320.900014 -0.561051607 0.217143163 0.010330942 0.153201520 -0.007288127 0.010335755 0.988114059
1341846320.931889 -0.540932298 0.211226389 0.015972355 0.154874310 -0.007249744 0.007305794 0.987880647
1341846320.967866 -0.554964721 0.238537356 -0.023933891 0.154852092 0.000501346 0.004749908 0.987926126
1341846321.000017 -0.532654703 0.227179706 0.008206559 0.148057193 -0.000460432 0.003857116 0.988971174
1341846321.031860 -0.516987264 0.216379657 -0.001719268 0.145466983 0.000277380 0.001120626 0.989362478
1341846321.068047 -0.515014410 0.223758861 -0.011192604 0.146099761 0.004571004 -0.001754009 0.989257812
1341846321.099840 -0.507367849 0.220221430 -0.016449146 0.143107086 0.005385964 0.000004551 0.989692569
1341846321.131821 -0.478346109 0.215351000 0.001427429 0.144082248 0.005919278 0.001051729 0.989547491
1341846321.167887 -0.472595066 0.216331661 -0.003455730 0.146613866 0.010044374 0.001919225 0.989140928
1341846321.200042 -0.473200619 0.220582858 -0.011965562 0.146992996 0.012929481 0.001491406 0.989051878
1341846321.231950 -0.464991182 0.213247463 -0.017785449 0.146044701 0.014155147 -0.000117029 0.989176750
1341846321.267939 -0.443526626 0.216492668 -0.020314759 0.146426082 0.015613833 -0.003726104 0.989091396
1341846321.299948 -0.437928885 0.215404883 -0.009857668 0.145212322 0.020974662 -0.009658679 0.989131093
1341846321.331858 -0.430423737 0.211807966 -0.002413379 0.145162120 0.023863103 -0.013535244 0.989027441
1341846321.367913 -0.405210316 0.206419349 -0.003708644 0.146232635 0.025638379 -0.016290311 0.988783777
1341846321.399897 -0.407293469 0.208198741 -0.003478277 0.148069113 0.031880230 -0.018598964 0.988288045
1341846321.435994 -0.420135021 0.204500452 -0.010732788 0.149419710 0.036759730 -0.019172838 0.987904310
1341846321.467946 -0.391227007 0.202322081 -0.001356392 0.151562423 0.037617266 -0.017784884 0.987571478
1341846321.499882 -0.377858579 0.202377602 -0.001844218 0.153162330 0.040363226 -0.017231882 0.987226009
1341846321.536109 -0.347063750 0.216739610 -0.003466186 0.153834760 0.044240121 -0.019496715 0.986913204
1341846321.568960 -0.365694702 0.226712227 0.016699264 0.151513562 0.053687289 -0.022736086 0.986734271
1341846321.603938 -0.352772057 0.217609823 0.013528448 0.147553787 0.055238064 -0.021961758 0.987266183
1341846321.637163 -0.322728276 0.222996429 -0.017544037 0.144399360 0.058954604 -0.021907426 0.987518787
1341846321.668306 -0.339598268 0.222356156 0.013864502 0.140053034 0.070879228 -0.018776404 0.987425387
1341846321.704411 -0.341175228 0.216012836 0.010013131 0.137115538 0.070522800 -0.010898021 0.987981379
1341846321.736861 -0.335844159 0.219375715 0.016519720 0.136780068 0.067833044 -0.003005447 0.988271654
1341846321.771881 -0.321519405 0.233411074 0.008972421 0.135173574 0.066671647 0.002764773 0.988572359
1341846321.804114 -0.305669665 0.226156592 0.004058264 0.130375400 0.068005331 0.006118076 0.989110768
1341846321.836152 -0.308052391 0.242338359 0.017383641 0.128877714 0.071354352 0.006697896 0.989067376
1341846321.871882 -0.302373618 0.251784742 0.025899312 0.123676203 0.073592350 0.005062468 0.989577055
1341846321.904074 -0.287027538 0.241602093 0.022911854 0.115546905 0.073974624 0.003015853 0.990539074
1341846321.939847 -0.284034252 0.237844586 0.031805914 0.111418001 0.077497005 0.000412662 0.990747333
1341846322.004094 -0.288563699 0.233443037 0.028828003 0.104117654 0.075608537 0.000299172 0.991686881
1341846322.066178 -0.279118896 0.229302138 0.034183834 0.099841215 0.081721671 -0.003623111 0.991635144
1341846322.107979 -0.286526561 0.212470472 0.033544116 0.096692562 0.084230244 -0.004008980 0.991735756
1341846322.166164 -0.281765282 0.190299258 0.033056539 0.099552862 0.083169475 -0.003437896 0.991544366
1341846322.202932 -0.278904676 0.184078261 0.023311732 0.100499839 0.080323100 -0.003305979 0.991683960
1341846322.234093 -0.281835198 0.183195516 0.019794943 0.099542655 0.079603262 -0.005820519 0.991827011
1341846322.265941 -0.288452029 0.173965737 0.019892260 0.097002260 0.077513248 -0.005931547 0.992243469
1341846322.301996 -0.276984602 0.156193078 0.013201394 0.094468765 0.074427277 -0.004677282 0.992730737
1341846322.333949 -0.284420341 0.143309161 0.022394115 0.093508884 0.073458821 -0.004677248 0.992893755
1341846322.369871 -0.275437325 0.124610797 0.018752526 0.093441986 0.067207932 -0.007959079 0.993321955
1341846322.402292 -0.262101680 0.111493982 0.012793859 0.094963893 0.067942277 -0.013816630 0.993063390
1341846322.433955 -0.273245752 0.100479521 0.017671308 0.100899838 0.070412487 -0.018691406 0.992225766
1341846322.470030 -0.277478218 0.090454288 0.028717922 0.109569781 0.066433519 -0.016031126 0.991626978
1341846322.502433 -0.262939841 0.080592491 0.019588752 0.116430499 0.061644793 -0.013081365 0.991197646
1341846322.534002 -0.255650997 0.052054491 0.004508100 0.123613827 0.060349122 -0.012559236 0.990413964
1341846322.570196 -0.260871142 0.039096866 0.008713217 0.133095160 0.060226724 -0.009360382 0.989227414
1341846322.601920 -0.266626865 0.033574581 0.010450156 0.139559135 0.056909923 -0.006268070 0.988557160
1341846322.638119 -0.251033723 0.024087809 0.010414937 0.145819470 0.052866533 -0.008452336 0.987861514
1341846322.669947 -0.246632367 0.019255945 -0.001276504 0.150874555 0.056085072 -0.010627329 0.986903489
1341846322.702026 -0.256033301 0.007949190 0.007084830 0.154004231 0.058249503 -0.008648659 0.986313820
1341846322.738006 -0.256433547 0.014423650 0.006124466 0.156717300 0.055695321 -0.007737415 0.986041546
1341846322.770087 -0.243419886 -0.016376453 0.006658302 0.154772505 0.055276237 -0.006867238 0.986378670
1341846322.806047 -0.249648154 -0.029447684 0.001174513 0.158290461 0.055191353 -0.004371956 0.985839248
1341846322.838063 -0.252673686 -0.035109587 -0.002517972 0.160491899 0.050406661 -0.002369473 0.985746384
1341846322.870081 -0.247421414 -0.051885638 0.000566097 0.162123412 0.045146972 -0.002074609 0.985734999
1341846322.906018 -0.237164527 -0.066304490 0.011058494 0.166297674 0.043307252 -0.003065401 0.985119402
1341846322.938349 -0.242583796 -0.043717936 0.014315302 0.168623313 0.044741683 -0.002600927 0.984661222
1341846322.970069 -0.239303172 -0.054793917 0.009979536 0.163164243 0.044075698 -0.000294855 0.985613883
1341846323.011820 -0.234816462 -0.076343931 0.007916950 0.159277529 0.044198703 0.000753919 0.986243665
1341846323.073951 -0.242193297 -0.075035557 0.013638807 0.157308549 0.044671852 0.004611808 0.986527920
1341846323.105962 -0.239118427 -0.095124424 0.009061743 0.153548628 0.044544298 0.004867022 0.987124622
1341846323.138158 -0.233709544 -0.093314305 0.019876543 0.154746130 0.044225380 0.001689670 0.986962497
1341846323.174092 -0.239770010 -0.092449404 0.018190881 0.152860880 0.044347081 0.000106279 0.987252235
1341846323.206059 -0.229824200 -0.102606945 0.011572263 0.149249047 0.043373633 -0.001838819 0.987846196
1341846323.238053 -0.227628425 -0.104670532 0.012468738 0.146588877 0.046596415 -0.003593642 0.988092899
1341846323.273997 -0.241807193 -0.102004953 0.014781942 0.143059641 0.047533754 -0.002223061 0.988569498
1341846323.305946 -0.236074775 -0.115318865 0.005060097 0.136513665 0.042860102 -0.001575689 0.989709318
1341846323.342027 -0.209215373 -0.132368609 0.009836051 0.134234726 0.043260623 -0.002177583 0.990002453
1341846323.374048 -0.234020278 -0.138009340 0.012273841 0.134842247 0.048246551 -0.000749856 0.989691556
1341846323.405987 -0.251614243 -0.149244457 0.000649282 0.134640396 0.044679809 0.003875836 0.989879131
1341846323.441956 -0.230949551 -0.156033278 0.006168454 0.136175305 0.039265446 0.005512746 0.989890993
1341846323.473878 -0.226328313 -0.169601753 0.007003518 0.139963567 0.040491883 0.004094458 0.989319861
1341846323.506129 -0.236039653 -0.170966715 -0.002176865 0.142180383 0.040922917 0.001895963 0.988992631
1341846323.541972 -0.225288957 -0.170173764 -0.008415128 0.140814140 0.040269144 -0.000082160 0.989216805
1341846323.573913 -0.203744173 -0.180043682 -0.012451045 0.139891714 0.043922681 -0.005470759 0.989177048
1341846323.609927 -0.217669770 -0.186701819 -0.005618040 0.140049070 0.051024891 -0.008248512 0.988794625
1341846323.642014 -0.232072681 -0.195953935 -0.002578483 0.139061436 0.053565189 -0.008112605 0.988800764
1341846323.674081 -0.234407201 -0.208190799 -0.005027623 0.138963148 0.051765319 -0.005756643 0.988927007
1341846323.710069 -0.230092302 -0.225295171 -0.012256259 0.140237138 0.049796749 -0.001639222 0.988863587
1341846323.742111 -0.232874602 -0.234380364 -0.015468072 0.144999459 0.047896046 -0.001391630 0.988270879
1341846323.774928 -0.234616131 -0.229408920 -0.012540277 0.148875371 0.045988929 -0.004662544 0.987775028
1341846323.810012 -0.233042598 -0.234866112 -0.009849299 0.150042236 0.044826098 -0.008418519 0.987627029
1341846323.842207 -0.230161980 -0.241028532 -0.013534792 0.151076511 0.045026764 -0.013551704 0.987403095
1341846323.878019 -0.239263460 -0.249732703 -0.017054962 0.151605204 0.044936310 -0.017259281 0.987268388
1341846323.909826 -0.234283686 -0.264390945 -0.019269763 0.154268757 0.042957764 -0.021620668 0.986857831
1341846323.942459 -0.239597499 -0.260627210 -0.022712870 0.158512667 0.043222722 -0.022520302 0.986153305
1341846323.978055 -0.247902766 -0.268925279 -0.021089716 0.160560638 0.040471010 -0.021015786 0.985972047
1341846324.015934 -0.233013406 -0.273822576 -0.021013215 0.164218158 0.037347626 -0.021524537 0.985481799
1341846324.015934 -0.233950183 -0.273418844 -0.019956989 0.164286911 0.037401441 -0.021519205 0.985468388
1341846324.047722 -0.233672276 -0.265771180 -0.017083209 0.168183580 0.039103355 -0.023283258 0.984704614
1341846324.083904 -0.234873921 -0.246770695 -0.022535270 0.168948531 0.040592276 -0.023141181 0.984516740
1341846324.115968 -0.230641410 -0.244490221 -0.026333638 0.166536331 0.042063504 -0.024171062 0.984841168
1341846324.151967 -0.226119176 -0.239455938 -0.030737344 0.165740967 0.045187309 -0.028628014 0.984717548
1341846324.183941 -0.229572758 -0.231478900 -0.011696018 0.163094044 0.050007872 -0.031511392 0.984838367
1341846324.219984 -0.236214086 -0.225347534 -0.014408678 0.158794746 0.052115239 -0.030799234 0.985454082
1341846324.251968 -0.240471005 -0.225475460 -0.013894075 0.158072278 0.052496884 -0.030986158 0.985544086
1341846324.284052 -0.243626714 -0.210163310 -0.011686005 0.159055397 0.052040532 -0.032167673 0.985372305
1341846324.319880 -0.250326961 -0.196044713 -0.005277997 0.157899514 0.048629429 -0.033338495 0.985693455
1341846324.351917 -0.245384216 -0.177128568 0.000554954 0.154819503 0.045166649 -0.034844685 0.986294448
1341846324.388001 -0.234926254 -0.166459188 -0.010989921 0.150164410 0.045253627 -0.037993625 0.986893773
1341846324.419908 -0.237901419 -0.151345447 0.001121877 0.145619899 0.047807980 -0.040146306 0.987369001
1341846324.452027 -0.244638234 -0.163689226 -0.001243423 0.139615908 0.048789997 -0.040703602 0.988165021
1341846324.487928 -0.248010293 -0.158795893 -0.001876761 0.138013497 0.048478354 -0.038322937 0.988500655
1341846324.519985 -0.260218263 -0.144186527 0.004035713 0.137232885 0.046791077 -0.034346528 0.988836706
1341846324.556001 -0.258973479 -0.128733501 0.010456874 0.135711789 0.041333895 -0.030036157 0.989430010
1341846324.587888 -0.252706200 -0.110081792 0.007657852 0.132707283 0.037470907 -0.026977872 0.990079284
1341846324.620086 -0.253499597 -0.104299821 0.008305050 0.130089462 0.035169955 -0.029366648 0.990443110
1341846324.655955 -0.246605828 -0.093168192 0.005202759 0.128752097 0.033711709 -0.030654510 0.990629494
1341846324.688082 -0.247814357 -0.087099127 0.018825740 0.128674939 0.033960704 -0.030372782 0.990639627
1341846324.755922 -0.265536904 -0.047437880 0.023824854 0.130773008 0.031342320 -0.027162617 0.990544438
1341846324.814016 -0.243571684 -0.007280513 0.018036693 0.125719652 0.024554651 -0.030065039 0.991306126
1341846324.849979 -0.256259918 -0.002653642 0.028518664 0.119633816 0.028834457 -0.032187447 0.991877198
1341846324.881924 -0.262777656 -0.001356098 0.032616980 0.116336107 0.027951472 -0.031939767 0.992302656
1341846324.913902 -0.257125735 0.010044734 0.034993585 0.115728781 0.026005091 -0.029309532 0.992507756
1341846324.949999 -0.258997083 0.006915289 0.037105184 0.115695596 0.025913192 -0.026114466 0.992603183
1341846324.981922 -0.269540071 0.009419117 0.042646442 0.120044112 0.023734791 -0.023278220 0.992211819
1341846325.018013 -0.273118556 0.026667392 0.039540298 0.125145614 0.018527830 -0.021378826 0.991734982
1341846325.050079 -0.278812677 0.044604812 0.037809238 0.127255574 0.013906100 -0.022630518 0.991514325
1341846325.081901 -0.270985425 0.058808733 0.038390361 0.126090571 0.007567475 -0.024845976 0.991678655
1341846325.118531 -0.260930240 0.082425945 0.034654580 0.122765355 0.005947095 -0.027135527 0.992046893
1341846325.149933 -0.263248205 0.079411186 0.041290440 0.116158232 0.008835679 -0.028620966 0.992779016
1341846325.181925 -0.268180966 0.086491980 0.043947879 0.113043040 0.010162698 -0.026188381 0.993192911
1341846325.218055 -0.267417163 0.091364436 0.046719756 0.110242471 0.010130160 -0.021949477 0.993610740
1341846325.249811 -0.268444598 0.101016417 0.050721489 0.108443841 0.009626344 -0.017777130 0.993897021
1341846325.285925 -0.265649945 0.111722134 0.046127282 0.105970353 0.008827397 -0.014710397 0.994221330
1341846325.317988 -0.250251323 0.107332058 0.057165835 0.103696398 0.010219744 -0.012113206 0.994482756
1341846325.349844 -0.253511488 0.100854687 0.059062131 0.106052294 0.015248054 -0.009880479 0.994194627
1341846325.387302 -0.252900332 0.114386916 0.061223846 0.111507632 0.017687589 -0.007170302 0.993580282
1341846325.417931 -0.232671231 0.119755864 0.085660972 0.114769936 0.020950563 -0.003127106 0.993166208
1341846325.450747 -0.228826895 0.114734620 0.088190913 0.119385689 0.028495464 -0.000884854 0.992438555
1341846325.485954 -0.243469372 0.130584002 0.097018264 0.128891990 0.036613811 0.000884656 0.990982175
1341846325.517875 -0.245593354 0.140453473 0.096278392 0.132961154 0.039300118 0.003272366 0.990336359
1341846325.553859 -0.245451719 0.145901516 0.096015170 0.135910049 0.042953923 0.002940267 0.989785194
1341846325.585855 -0.254363656 0.167608008 0.095454037 0.139017150 0.046865109 0.000827180 0.989180088
1341846325.617990 -0.257071763 0.187980607 0.097751044 0.136429995 0.048870310 -0.000295388 0.989443541
1341846325.653982 -0.258899301 0.170918792 0.103497110 0.132391244 0.051004261 -0.002864158 0.989880264
1341846325.685819 -0.259884447 0.170016587 0.107517622 0.137667045 0.052349206 -0.001934223 0.989092350
1341846325.717857 -0.261430651 0.184783190 0.110817686 0.143099055 0.052837051 0.004940192 0.988284647
1341846325.754083 -0.264519483 0.185570717 0.106663331 0.146008581 0.052750330 0.009003283 0.987834930
1341846325.786087 -0.259248316 0.189980090 0.109511860 0.152637720 0.052584086 0.010829095 0.986822903
1341846325.821856 -0.262535036 0.210106373 0.110931136 0.157369748 0.054705918 0.011531320 0.985955954
1341846325.853827 -0.270923108 0.217319414 0.117493793 0.158407465 0.055579126 0.014616371 0.985700011
1341846325.885958 -0.277761936 0.229578435 0.106679477 0.158878535 0.052411221 0.021241145 0.985677183
1341846325.921984 -0.274116814 0.233130127 0.113087192 0.158085436 0.048085757 0.025142986 0.985933363
1341846325.953899 -0.261619061 0.233744934 0.116479725 0.160993367 0.047550838 0.026485033 0.985453546
1341846325.985823 -0.267401904 0.247295246 0.119967110 0.164343938 0.050620921 0.030430414 0.984633267
1341846326.021991 -0.267437994 0.246042773 0.112315819 0.166664809 0.050350193 0.036131144 0.984064162
1341846326.054055 -0.263007820 0.260650426 0.109462507 0.172566503 0.048975985 0.039448321 0.982988358
1341846326.089984 -0.258675069 0.281929463 0.123005934 0.176042303 0.050854001 0.038636710 0.982308686
1341846326.121822 -0.259486347 0.290571600 0.122553192 0.175312310 0.055276223 0.036948264 0.982265234
1341846326.154079 -0.262700319 0.292140931 0.126078203 0.175628737 0.058012448 0.035585672 0.982101262
1341846326.190178 -0.266044229 0.304608494 0.140605018 0.178278401 0.057414740 0.038192075 0.981560886
1341846326.222162 -0.271348745 0.323428243 0.138970718 0.178157896 0.055574942 0.044077974 0.981441975
1341846326.259181 -0.271013051 0.337061375 0.146576673 0.175491899 0.052828684 0.047775742 0.981900811
1341846326.322766 -0.263808876 0.358193070 0.161808953 0.168040752 0.052211896 0.046315443 0.983306289
1341846326.359773 -0.260004252 0.362499148 0.159692794 0.163805500 0.053752750 0.045279484 0.983985841
1341846326.392109 -0.257908940 0.353957325 0.161302462 0.161671638 0.055586319 0.046107963 0.984198451
1341846326.423985 -0.262591094 0.359011054 0.167134434 0.165965706 0.056432582 0.051080532 0.983189523
1341846326.459869 -0.268240005 0.376768082 0.172250122 0.169126093 0.053940393 0.054214787 0.982622802
1341846326.526163 -0.253100604 0.419434220 0.173907459 0.169673145 0.054546215 0.055526994 0.982421756
1341846326.560211 -0.258084506 0.424978435 0.186631054 0.164298162 0.059243184 0.056097381 0.983030796
1341846326.591828 -0.261812776 0.427390248 0.197143942 0.161381558 0.061464317 0.057518598 0.983295381
1341846326.627027 -0.256712466 0.438090742 0.190431952 0.160590932 0.062672473 0.057662513 0.983340204
1341846326.658442 -0.250125557 0.459026605 0.197719857 0.159371197 0.066317402 0.056413542 0.983371973
1341846326.694856 -0.264053464 0.474020839 0.197826758 0.155820951 0.071825854 0.055249073 0.983620107
1341846326.726206 -0.264368027 0.485555708 0.197686851 0.149593502 0.073244557 0.053477600 0.984579742
1341846326.762753 -0.258085847 0.500876665 0.193628237 0.143677995 0.075598873 0.051171493 0.985404968
1341846326.826821 -0.255029410 0.534419298 0.217224047 0.129151076 0.081193209 0.050209016 0.987019122
1341846326.858887 -0.260009259 0.532248914 0.227035701 0.119256526 0.083549201 0.048958216 0.988129854
1341846326.895360 -0.264973044 0.530356050 0.226492509 0.116644055 0.083275586 0.051063832 0.988358140
1341846326.926897 -0.261632353 0.529562175 0.220000342 0.117910497 0.078510478 0.052951109 0.988498569
1341846326.958888 -0.254979491 0.544870079 0.213511690 0.120856099 0.075696960 0.055447161 0.988225460
1341846326.994594 -0.251066744 0.561156571 0.214883313 0.122379921 0.075665168 0.057307240 0.987934172
1341846327.026301 -0.250414938 0.570276499 0.217322171 0.119920962 0.076933354 0.056755308 0.988169551
1341846327.063945 -0.246669650 0.575264812 0.217316866 0.116318405 0.078939572 0.055378936 0.988520026
1341846327.094662 -0.250844151 0.593412280 0.226428226 0.117276922 0.082020670 0.052010145 0.988338888
1341846327.128901 -0.264277428 0.602558315 0.227402180 0.116135262 0.084017307 0.050391275 0.988389850
1341846327.161940 -0.255413860 0.615273535 0.229254648 0.115126170 0.081551887 0.050037898 0.988732338
1341846327.193867 -0.249309659 0.620227218 0.235293940 0.114064611 0.083139993 0.047385413 0.988853753
1341846327.229885 -0.233588204 0.636900246 0.242018878 0.115939431 0.084058389 0.049068335 0.988475859
1341846327.262014 -0.248503566 0.648793757 0.231174961 0.114451237 0.091185294 0.043418191 0.988281846
1341846327.294023 -0.300091237 0.656215370 0.227627292 0.117817745 0.112438738 0.036778033 0.985963464
1341846327.330015 -0.349234700 0.660432279 0.233664960 0.117792338 0.132747933 0.035415094 0.983488083
1341846327.361939 -0.409467250 0.655990422 0.250203967 0.111917138 0.149749801 0.030818108 0.981885850
1341846327.393887 -0.457912415 0.654689014 0.252032965 0.107818805 0.160452932 0.023679659 0.980851352
1341846327.429966 -0.494487524 0.662038326 0.241922781 0.103414737 0.165590897 0.021898992 0.980512857
1341846327.461965 -0.529543996 0.661201894 0.243217632 0.092261247 0.166519776 0.022041008 0.981464863
1341846327.497931 -0.576504350 0.650887370 0.260351777 0.084778935 0.174847230 0.019890342 0.980737209
1341846327.530068 -0.628737628 0.651974201 0.269783109 0.081819586 0.183991268 0.022478089 0.979258657
1341846327.561895 -0.682966411 0.660133243 0.294701725 0.081675120 0.192051411 0.026742561 0.977614641
1341846327.598010 -0.698897958 0.663787603 0.298639983 0.083728701 0.191163957 0.030769058 0.977496386
1341846327.629945 -0.716138124 0.675251901 0.299095422 0.082223535 0.188777432 0.029103301 0.978138745
1341846327.662003 -0.706074893 0.685032547 0.300121367 0.084175251 0.184332669 0.024461245 0.978947222
1341846327.697919 -0.750338852 0.701166034 0.308384359 0.087480627 0.190392092 0.024030974 0.977507353
1341846327.730075 -0.822059929 0.696595550 0.321232319 0.077340193 0.202148005 0.022887306 0.976028144
1341846327.766017 -0.855175912 0.696912110 0.331804663 0.072016358 0.207841262 0.023086594 0.975234687
1341846327.797917 -0.845895588 0.714568317 0.338142544 0.067245342 0.206217200 0.028246203 0.975784183
1341846327.830054 -0.852952719 0.717797995 0.342424244 0.060418542 0.207209095 0.029480608 0.975984097
1341846327.865944 -0.855458558 0.720351875 0.344795048 0.055816479 0.209759817 0.029478850 0.975713253
1341846327.898010 -0.846167862 0.727401674 0.346187800 0.051029764 0.208628654 0.031151036 0.976165771
1341846327.929991 -0.848949611 0.732890666 0.346305490 0.045385040 0.207720160 0.029498151 0.976689517
1341846327.966065 -0.838346839 0.752704084 0.345301688 0.042137668 0.206196278 0.028489536 0.977187753
1341846327.998073 -0.836459458 0.752282381 0.345422894 0.033105623 0.207123846 0.027168343 0.977376938
1341846328.034045 -0.840534031 0.765833855 0.346596211 0.028501788 0.208994120 0.026206579 0.977150142
1341846328.065993 -0.839850068 0.738402367 0.346172422 0.017178457 0.209504783 0.029138234 0.977222443
1341846328.098045 -0.856510162 0.747187614 0.351194471 0.020859569 0.212929100 0.029291231 0.976405680
1341846328.133967 -0.877417386 0.744527459 0.357321054 0.024063956 0.215251878 0.031790458 0.975744367
1341846328.166023 -0.882305443 0.744569004 0.357379764 0.024457768 0.212838769 0.032459531 0.976241708
1341846328.198018 -0.860818982 0.729195952 0.346474111 0.022796538 0.205614358 0.030583698 0.977889419
1341846328.234044 -0.863139153 0.721173882 0.343208760 0.026023369 0.204256341 0.029334998 0.978131711
1341846328.265899 -0.861815751 0.706093907 0.343599617 0.027263902 0.202266097 0.029708618 0.978500187
1341846328.302051 -0.850046217 0.687917650 0.338803113 0.029808832 0.199641570 0.031238221 0.978917241
1341846328.333917 -0.869093776 0.672120929 0.333629578 0.033232290 0.202844068 0.032465369 0.978108346
1341846328.366008 -0.894227862 0.654849410 0.357476622 0.039028488 0.207786113 0.027115691 0.977019191
1341846328.402010 -0.912200630 0.657239497 0.368639499 0.057470620 0.212482780 0.031491116 0.974964917
1341846328.433920 -0.900988519 0.656895101 0.355989754 0.062964983 0.207750648 0.030757675 0.975668550
1341846328.470003 -0.918317020 0.644069195 0.373317897 0.063913509 0.210809112 0.023657681 0.975148678
1341846328.502194 -0.885879099 0.600277603 0.335678428 0.060011886 0.206966877 0.015431890 0.976383746
1341846328.534033 -0.899165392 0.588896811 0.336001307 0.062136836 0.212380871 0.012289609 0.975132048
1341846328.570125 -0.913122416 0.537978709 0.330085218 0.058983237 0.214618087 0.014880605 0.974801898
1341846328.602804 -0.929824710 0.524551570 0.328835487 0.067002155 0.211457908 0.020324532 0.974875987
1341846328.672663 -0.905087173 0.523741245 0.332804143 0.083325170 0.194787666 0.014378178 0.977193952
1341846328.702975 -0.874176204 0.512341499 0.309870899 0.086299546 0.185769588 0.012228829 0.978719890
1341846328.770129 -0.898463309 0.437485605 0.305160046 0.086652033 0.187597364 0.007030629 0.978391171
1341846328.802331 -0.883530259 0.435706496 0.314705998 0.090676539 0.182268992 0.007026146 0.979033470
1341846328.838051 -0.894899607 0.424146116 0.301894784 0.094865143 0.182435319 0.001606330 0.978629410
1341846328.869939 -0.903863370 0.431226701 0.303421617 0.095830858 0.182950482 0.000411913 0.978440344
1341846328.904486 -0.899871767 0.401894361 0.296766222 0.089328006 0.178939179 0.000987940 0.979796112
1341846328.939814 -0.878541172 0.403587192 0.284457475 0.096928611 0.172072351 -0.000825620 0.980303645
1341846328.970217 -0.891371429 0.391414285 0.284849912 0.099980861 0.172184363 0.003112604 0.979972780
1341846329.006232 -0.881083071 0.383377284 0.284203380 0.102223903 0.168068856 0.007383694 0.980432868
1341846329.038243 -0.886374712 0.356269836 0.273813844 0.104308024 0.168593183 0.005086911 0.980137885
1341846329.106125 -0.891244650 0.353413969 0.273986191 0.107424632 0.169102058 0.003090561 0.979721844
1341846329.138340 -0.900925279 0.337836206 0.261883676 0.108331338 0.169672623 0.003332098 0.979522586
1341846329.169991 -0.892903805 0.341551125 0.262600273 0.111237139 0.167178795 0.000104018 0.979631364
1341846329.208656 -0.893397093 0.332261294 0.259585679 0.111206740 0.166500419 -0.000333971 0.979750335
1341846329.238169 -0.905039847 0.329794258 0.260618955 0.110483013 0.167663410 -0.000487838 0.979633749
1341846329.273827 -0.900918484 0.323767543 0.256342798 0.110344753 0.165951535 0.001915523 0.979939044
1341846329.306052 -0.893448114 0.322638690 0.252452344 0.111255065 0.161911786 -0.000353549 0.980513573
1341846329.338104 -0.897767365 0.334319204 0.249689847 0.109604269 0.161527306 -0.002981395 0.980758369
1341846329.373907 -0.885838807 0.306632102 0.248106167 0.104775898 0.158697084 -0.002591257 0.981748760
1341846329.405985 -0.893316329 0.300301075 0.242939681 0.105716832 0.158284277 -0.006444466 0.981696725
1341846329.442057 -0.894344270 0.283301175 0.241233259 0.102016069 0.158365935 -0.009323264 0.982051969
1341846329.473950 -0.890062690 0.277780652 0.238494694 0.101382524 0.156240031 -0.015486884 0.982380211
1341846329.506147 -0.904427886 0.283617973 0.235263258 0.103122801 0.156881943 -0.018564092 0.982043326
1341846329.542121 -0.901196957 0.273932457 0.230984867 0.101430871 0.152293935 -0.019148951 0.982930124
1341846329.574086 -0.897807240 0.266175300 0.232920587 0.105143115 0.150222763 -0.021739351 0.982804954
1341846329.606387 -0.901211500 0.256258488 0.223192498 0.105946012 0.149657533 -0.021514211 0.982809901
1341846329.641955 -0.915591896 0.239750549 0.227237701 0.103758469 0.150652617 -0.021010991 0.982902110
1341846329.681570 -0.913924158 0.219161406 0.222106576 0.101076379 0.146843806 -0.020521954 0.983767927
1341846329.681570 -0.914651990 0.221346542 0.223034307 0.101373076 0.146993622 -0.020816283 0.983708858
1341846329.748113 -0.899318457 0.228835672 0.217379302 0.105721325 0.144832045 -0.023742402 0.983505487
1341846329.810175 -0.899724245 0.206149220 0.214164346 0.104240350 0.147725537 -0.018868377 0.983338833
1341846329.842255 -0.911260247 0.194967553 0.211253598 0.106496707 0.149262607 -0.015614108 0.982921839
1341846329.874044 -0.914997876 0.177420169 0.212660894 0.106721506 0.149672151 -0.012194390 0.982883573
1341846329.910073 -0.909462094 0.196331546 0.212234259 0.110295072 0.147998109 -0.010461902 0.982762516
1341846329.942009 -0.915049374 0.183741078 0.210117653 0.104497060 0.147981688 -0.004207980 0.983445048
1341846329.978087 -0.907527030 0.175196946 0.207756132 0.104817249 0.146108434 -0.004246214 0.983690858
1341846330.016305 -0.909995019 0.192697644 0.202237874 0.108660974 0.147842526 -0.006891832 0.982999504
1341846330.016305 -0.910002172 0.191823751 0.202506453 0.108428039 0.147901714 -0.007105513 0.983014822
1341846330.048192 -0.921576083 0.178494558 0.197818816 0.101526588 0.150730252 -0.004252607 0.983338594
1341846330.080418 -0.916605592 0.165072814 0.197886005 0.098427087 0.149621084 -0.002086063 0.983829975
1341846330.115886 -0.922296882 0.155640483 0.194284171 0.102122478 0.152006581 -0.001946323 0.983087659
1341846330.147839 -0.923039258 0.164337188 0.197747082 0.104554757 0.151480302 0.002270532 0.982912421
1341846330.181257 -0.917129219 0.168163970 0.190118149 0.099155091 0.149692789 0.005920355 0.983730316
1341846330.215852 -0.909020543 0.159194797 0.192762673 0.093240693 0.149432227 0.007324036 0.984338641
1341846330.247833 -0.917838156 0.154613465 0.194344267 0.091219857 0.151200026 0.006466875 0.984264076
1341846330.283913 -0.917723358 0.165438101 0.188029602 0.088101201 0.150276348 0.007012737 0.984685779
1341846330.316011 -0.928818941 0.153000280 0.188909903 0.080605306 0.150860772 0.006577360 0.985241413
1341846330.347868 -0.928086996 0.149131522 0.191758603 0.079029433 0.148834109 0.006758606 0.985675991
1341846330.383835 -0.919032872 0.143999800 0.186889574 0.076696157 0.147117645 0.006889716 0.986116946
1341846330.415934 -0.923966765 0.124109037 0.184719831 0.074640304 0.148815840 0.005232183 0.986030102
1341846330.452561 -0.938858688 0.129311338 0.196937338 0.078615546 0.150887862 0.002565362 0.985416651
1341846330.483903 -0.943039238 0.133265033 0.194188282 0.079313122 0.149013311 0.005451249 0.985634208
1341846330.515970 -0.945379913 0.121269852 0.193176493 0.077313796 0.146864489 0.008803914 0.986091256
1341846330.552099 -0.942143023 0.120726712 0.189930677 0.079465009 0.144875735 0.010184644 0.986201108
1341846330.583876 -0.942770362 0.129957303 0.189528570 0.079473302 0.144292116 0.010728057 0.986280262
1341846330.619992 -0.955370367 0.136037752 0.181524724 0.074672043 0.144371852 0.010042524 0.986650944
1341846330.652136 -0.953546643 0.138780743 0.181801334 0.068984553 0.142591864 0.010105835 0.987322986
1341846330.683796 -0.955177426 0.133718833 0.176959381 0.063759357 0.142607316 0.010270448 0.987670243
1341846330.719991 -0.970674515 0.119856603 0.177194253 0.060870595 0.142014772 0.011234695 0.987927377
1341846330.752103 -0.968282461 0.112802409 0.171140656 0.062804267 0.136578932 0.015982470 0.988507211
1341846330.787952 -0.979112327 0.120312199 0.171916828 0.064630531 0.132423460 0.018587451 0.988909245
1341846330.819823 -0.978030682 0.117137641 0.169768393 0.063765325 0.127946392 0.019356880 0.989539802
1341846330.852208 -0.986116052 0.125013739 0.169012129 0.064002343 0.127322510 0.020168938 0.989588797
1341846330.914111 -0.994398534 0.139125049 0.159835204 0.055092026 0.124371529 0.020499714 0.990493000
1341846330.949903 -0.992158830 0.132900447 0.163227171 0.052306086 0.122589998 0.021961672 0.990834773
1341846330.981986 -0.986504674 0.137538537 0.163653493 0.054184306 0.116151698 0.021993838 0.991508484
1341846331.014111 -0.983162761 0.146690041 0.154817015 0.054522421 0.111432955 0.022821352 0.992012739
1341846331.082139 -0.986377835 0.139476031 0.153303891 0.054923177 0.108734630 0.018230248 0.992384970
1341846331.114334 -0.982748330 0.148344904 0.153052121 0.055713307 0.105626628 0.019001234 0.992662132
1341846331.149989 -0.992572546 0.135283977 0.149447113 0.054456554 0.106304504 0.016014962 0.992712200
1341846331.181954 -0.997167587 0.138497546 0.151217341 0.058184151 0.106304817 0.014754925 0.992520094
1341846331.218151 -1.003344059 0.153401136 0.145769462 0.058763277 0.103005543 0.016072776 0.992813408
1341846331.249914 -0.994120657 0.136209831 0.147761077 0.054555532 0.101205535 0.014325666 0.993265271
1341846331.318141 -0.991346478 0.137827456 0.144591212 0.064556569 0.111827888 0.009439667 0.991583586
1341846331.349926 -0.986338973 0.138819456 0.142392442 0.063455112 0.114005536 0.009132576 0.991409481
1341846331.382003 -0.971138060 0.106521398 0.137350082 0.062099967 0.120862246 0.008230765 0.990690827
1341846331.418008 -0.983493745 0.115287565 0.139056399 0.070427857 0.131969273 0.007253153 0.988722146
1341846331.450327 -0.973475814 0.127923921 0.140457675 0.074029557 0.134943068 0.007885606 0.988052547
1341846331.486219 -0.980290771 0.141176552 0.163322076 0.075583577 0.138028398 0.006804412 0.987516582
1341846331.518344 -0.982113361 0.127400503 0.165294126 0.071935326 0.140461296 0.006004443 0.987451255
1341846331.550202 -0.971473277 0.113853365 0.174853057 0.073021755 0.144896731 0.004491335 0.986738384
1341846331.586139 -0.963449657 0.140141755 0.187414184 0.078572772 0.144480467 0.005733770 0.986366570
1341846331.617931 -0.954108834 0.138085961 0.191249415 0.077222869 0.143742546 0.007001411 0.986572742
1341846331.654027 -0.949964404 0.121644296 0.200391501 0.076042995 0.147124961 0.006681566 0.986167908
1341846331.686123 -0.957075477 0.136101708 0.206590474 0.079987332 0.150605112 0.008355807 0.985317349
1341846331.717954 -0.955967426 0.150716633 0.214151144 0.077859238 0.149245128 0.008599294 0.985692620
1341846331.754076 -0.945728064 0.140603900 0.217482805 0.075355276 0.149498612 0.007478426 0.985857964
1341846331.785920 -0.933425844 0.132499263 0.229372218 0.077049851 0.151450336 0.006004905 0.985439062
1341846331.818053 -0.937385738 0.145604059 0.244435951 0.078448012 0.154133976 0.006161768 0.984911561
1341846331.853849 -0.932424128 0.135161921 0.250928164 0.076354049 0.154382423 0.005871763 0.985038996
1341846331.885987 -0.919780135 0.131357715 0.258864462 0.078620173 0.156554684 0.002790384 0.984531224
1341846331.922014 -0.913785875 0.145287097 0.268165797 0.082068354 0.159013957 0.002570151 0.983856142
1341846331.954037 -0.910254717 0.142547950 0.277923346 0.081815012 0.162214220 0.003223266 0.983352721
1341846331.986135 -0.907072127 0.119727209 0.283650696 0.082322098 0.169038430 0.004343343 0.982155919
1341846332.022364 -0.916913331 0.122832648 0.300419569 0.090405315 0.174905449 0.002227101 0.980423391
1341846332.054175 -0.920928359 0.125631660 0.307874978 0.096994400 0.175523371 0.002200427 0.979683101
1341846332.086502 -0.906216502 0.128127977 0.318990618 0.100168481 0.173860133 0.004519610 0.979652286
1341846332.122051 -0.890395641 0.132270768 0.333588928 0.101809546 0.172593758 0.003723039 0.979710340
1341846332.153983 -0.899707735 0.139809459 0.336527199 0.099584743 0.173301145 0.001542168 0.979820013
1341846332.190165 -0.892985523 0.152554244 0.363468945 0.094868004 0.172155321 -0.000201211 0.980491042
1341846332.254145 -0.875339985 0.127298906 0.382871598 0.093028255 0.170711309 -0.000386001 0.980919600
1341846332.289948 -0.872768164 0.136549503 0.397745550 0.096403293 0.170583725 0.000760618 0.980615675
1341846332.322172 -0.864023864 0.128525317 0.404536456 0.096385531 0.168890730 0.002564061 0.980907321
1341846332.354003 -0.864529729 0.121706918 0.408530116 0.097867645 0.171978995 -0.001092085 0.980226517
1341846332.390180 -0.884412229 0.122036785 0.406164110 0.097315639 0.179939181 -0.006218867 0.978832424
1341846332.422055 -0.870085537 0.127373755 0.427068710 0.095785707 0.180725753 -0.007806074 0.978827059
1341846332.458114 -0.856670856 0.124722257 0.439721406 0.095149532 0.182377189 -0.010300724 0.978559732
1341846332.489993 -0.858540952 0.141115129 0.456234425 0.099139251 0.184238032 -0.007057515 0.977843583
1341846332.522130 -0.863067389 0.141459674 0.472755700 0.098668031 0.180873513 -0.001760773 0.978542984
1341846332.558114 -0.859264791 0.140718520 0.471808374 0.099933930 0.174800232 0.003887082 0.979511619
1341846332.589874 -0.842957973 0.150243014 0.477127045 0.100825563 0.170248464 0.007960676 0.980197072
1341846332.621889 -0.832025945 0.156351447 0.487401366 0.097247310 0.169185460 0.010957634 0.980713665
1341846332.658202 -0.832216322 0.145837426 0.489843577 0.091366298 0.170913830 0.008058497 0.981007516
1341846332.690001 -0.826643765 0.145192608 0.492334485 0.089174196 0.171401307 0.010127650 0.981104970
1341846332.726000 -0.823506296 0.146939322 0.514155328 0.091383733 0.170366287 0.017807357 0.980972648
1341846332.758386 -0.826834321 0.145391941 0.509474337 0.091330998 0.168732584 0.016851073 0.981276810
1341846332.789937 -0.819627047 0.144032091 0.504814208 0.088733822 0.169180676 0.014700054 0.981472433
1341846332.825925 -0.820780098 0.140393943 0.518399835 0.085648537 0.173009381 0.014247348 0.981085658
1341846332.857898 -0.787832320 0.150408491 0.548764646 0.089656904 0.171275988 0.015652560 0.981010318
1341846332.894069 -0.777200162 0.165116534 0.559560597 0.090882629 0.170176581 0.016106261 0.981081545
1341846332.926029 -0.769531846 0.172901064 0.561229706 0.087811813 0.170291275 0.013784735 0.981376648
1341846332.958015 -0.764817476 0.167644665 0.571049690 0.083259456 0.173141375 0.012524796 0.981291592
1341846332.994073 -0.755799532 0.178780735 0.576707423 0.081276305 0.173428640 0.009905730 0.981436968
1341846333.026545 -0.781931043 0.166642636 0.584124982 0.075175233 0.180391148 0.006721798 0.980694950
1341846333.057998 -0.819048941 0.158727780 0.597856820 0.073074490 0.191465959 0.008435922 0.978738904
1341846333.094024 -0.864149272 0.148332909 0.621744812 0.072518490 0.203359544 0.012561716 0.976334095
1341846333.126095 -0.887943864 0.148928553 0.623036861 0.073955819 0.209426135 0.015373854 0.974902511
1341846333.161973 -0.920369089 0.146441370 0.629794002 0.072097667 0.217704386 0.017832080 0.973184884
1341846333.195660 -0.958253980 0.139911652 0.648345947 0.068381444 0.228228360 0.019518346 0.971007109
1341846333.226331 -0.986116529 0.135589197 0.656030953 0.065303095 0.234714299 0.019044252 0.969681442
1341846333.262056 -0.968168497 0.145808935 0.657961130 0.063254558 0.233005479 0.016933983 0.970268309
1341846333.294147 -0.949900508 0.148790270 0.659429073 0.061230283 0.229629442 0.017610922 0.971190572
1341846333.326100 -0.932533741 0.149504200 0.653686106 0.058674887 0.224686742 0.016139565 0.972528994
1341846333.362100 -0.958462238 0.145459250 0.658528745 0.053292722 0.229398519 0.015047207 0.971756101
1341846333.394119 -0.933335841 0.145874307 0.661241174 0.051040169 0.224114463 0.015727842 0.973098278
1341846333.429974 -0.929861188 0.146396860 0.658562779 0.049968164 0.221470565 0.015685305 0.973759711
1341846333.462115 -0.875903010 0.165190816 0.646309316 0.053791545 0.212147504 0.013921291 0.975656748
1341846333.494040 -0.897652686 0.161210984 0.653186381 0.053530268 0.217610076 0.011560952 0.974498212
1341846333.529953 -0.924615562 0.161589339 0.660107255 0.054698471 0.223956585 0.011819392 0.972991168
1341846333.562063 -0.946078897 0.161028430 0.666374922 0.055797242 0.229621410 0.014188127 0.971575737
1341846333.594090 -0.973201990 0.169070214 0.681652308 0.056731518 0.234117016 0.015868692 0.970422089
1341846333.629994 -0.946097076 0.181657046 0.677068233 0.054367043 0.226987109 0.014541361 0.972270370
1341846333.662127 -0.960332155 0.176664039 0.673257709 0.050077822 0.227696210 0.015532361 0.972319603
1341846333.697964 -0.984332800 0.174689040 0.684349597 0.048961014 0.232196942 0.017757716 0.971273422
1341846333.730092 -0.921912074 0.166711360 0.658717036 0.049638297 0.221174449 0.016055653 0.973837852
1341846333.762089 -0.950286806 0.163595676 0.662406445 0.050760899 0.226123452 0.018465614 0.972599924
1341846333.798006 -0.932736218 0.162493333 0.655475497 0.052379817 0.223506302 0.017445246 0.973137677
1341846333.830055 -0.929056466 0.167056128 0.651195943 0.055320416 0.223623112 0.014836384 0.972991407
1341846333.866045 -0.934472084 0.165976882 0.647757351 0.055549938 0.225274190 0.013726288 0.972613692
1341846333.897987 -0.942494929 0.158507898 0.645630479 0.056314077 0.226488709 0.012674223 0.972301900
1341846333.930099 -0.966674566 0.160829812 0.646918714 0.060029913 0.231733382 0.009678688 0.970877171
1341846333.965889 -0.976251125 0.157082990 0.641758978 0.061533745 0.233548522 0.009243308 0.970352173
1341846333.997985 -0.940662801 0.151169673 0.627300203 0.063105397 0.227094322 0.010926679 0.971764624
1341846334.030076 -0.959851563 0.149025157 0.628192842 0.065427996 0.230917588 0.011021778 0.970708430
1341846334.066000 -0.976123691 0.150030047 0.632769287 0.067900583 0.232854828 0.012515126 0.970057547
1341846334.097932 -0.961427867 0.150948241 0.613177955 0.070009671 0.229224026 0.010485213 0.970796108
1341846334.133884 -0.978147388 0.152936205 0.615872741 0.072160035 0.232506633 0.010610372 0.969856203
1341846334.166115 -0.990784645 0.157293633 0.616195440 0.073497638 0.232667357 0.010448007 0.969718993
1341846334.198072 -1.001811147 0.162903294 0.608052492 0.075229660 0.232247770 0.008084883 0.969709277
1341846334.234097 -0.986241102 0.151617989 0.595490456 0.072282940 0.229297906 0.008543002 0.970631123
1341846334.266045 -0.998713851 0.150286376 0.598020315 0.072501346 0.232072487 0.009559271 0.969945669
1341846334.297946 -1.011275887 0.149237871 0.597152412 0.073695756 0.231626764 0.011370223 0.969942689
1341846334.334036 -1.009322643 0.149053097 0.582747161 0.073690020 0.228652567 0.011301891 0.970649302
1341846334.365871 -1.019713640 0.150089085 0.583983719 0.072883055 0.230033144 0.009016701 0.970407903
1341846334.401845 -1.035294771 0.145131081 0.586320758 0.070409678 0.233014002 0.009507580 0.969874561
1341846334.433864 -1.046663046 0.140481234 0.583133638 0.070022747 0.233084336 0.010453750 0.969875872
1341846334.466105 -1.043286562 0.151153982 0.574126422 0.072498679 0.229695737 0.009580283 0.970511258
1341846334.502142 -1.055307627 0.151133776 0.574672818 0.071197808 0.229634166 0.011046236 0.970606565
1341846334.540153 -1.060490847 0.150449842 0.570622206 0.070270091 0.228798583 0.010071456 0.970882058
1341846334.602351 -1.088900328 0.159405887 0.565123737 0.064587578 0.228110000 0.001524444 0.971489608
1341846334.670161 -1.100855708 0.162877679 0.556497455 0.058500435 0.227301225 -0.005358218 0.972051024
1341846334.702085 -1.106840611 0.156466395 0.548664570 0.056284443 0.225053251 -0.003165046 0.972714305
1341846334.734751 -1.106168747 0.155221015 0.543173850 0.056244116 0.221355781 -0.002146993 0.973567486
1341846334.770889 -1.117786646 0.155330956 0.527327240 0.057835374 0.218851566 0.002278313 0.974039972
1341846334.802194 -1.117240787 0.156764612 0.512456417 0.057608038 0.214461192 0.003637832 0.975025356
1341846334.833908 -1.118095994 0.163038626 0.504266739 0.057764597 0.212704599 0.000513770 0.975407481
1341846334.869874 -1.116539001 0.174925119 0.491636008 0.058309004 0.210498571 0.000096166 0.975853682
1341846334.902006 -1.126055360 0.153736413 0.476998657 0.052292287 0.208919242 0.004739663 0.976522326
1341846334.938010 -1.122261167 0.158838332 0.460308969 0.052412171 0.203893527 0.003892602 0.977581322
1341846334.970032 -1.115520358 0.158966660 0.449798077 0.052090596 0.201086342 0.002232021 0.978185058
1341846335.002203 -1.113254786 0.152022213 0.440303385 0.053097650 0.199711844 0.004522104 0.978404582
1341846335.037880 -1.134836555 0.137167737 0.433579594 0.053680822 0.198913142 0.007062291 0.978520393
1341846335.069990 -1.168812871 0.151400208 0.442784846 0.056081433 0.202018499 0.004611176 0.977763891
1341846335.106038 -1.173810840 0.154187500 0.435773283 0.056769703 0.203765258 0.003425047 0.977366447
1341846335.138045 -1.171143293 0.153823763 0.421200395 0.058305360 0.202678338 0.003649038 0.977501273
1341846335.169900 -1.183231950 0.155376613 0.405540228 0.057830028 0.200377002 0.004798473 0.977998912
1341846335.206091 -1.182950974 0.160336420 0.399455220 0.057336826 0.198104247 0.002619402 0.978499055
1341846335.239365 -1.204667091 0.140622184 0.403768390 0.054100133 0.202529803 -0.004225851 0.977771521
1341846335.269948 -1.217950583 0.138198033 0.396091789 0.055209450 0.204942256 -0.005544106 0.977200031
1341846335.305972 -1.228916049 0.129371315 0.384952962 0.055592611 0.203656673 -0.003833240 0.977455258
1341846335.338012 -1.210761666 0.144433692 0.373740256 0.060356315 0.199098334 -0.001898310 0.978117287
1341846335.374005 -1.217810631 0.143238038 0.375103027 0.065611012 0.202194959 -0.002843527 0.977140903
1341846335.406025 -1.221047163 0.129358172 0.358490139 0.070400894 0.203583926 -0.000962636 0.976522624
1341846335.438079 -1.233934283 0.145047009 0.353557974 0.078280151 0.205486491 -0.000446345 0.975524187
1341846335.473998 -1.233366013 0.145079687 0.345470965 0.079906747 0.206117883 0.001061732 0.975258529
1341846335.507038 -1.240733266 0.157622963 0.336497933 0.081721805 0.209217012 -0.001431981 0.974447429
1341846335.538040 -1.250259876 0.163148880 0.338159233 0.081163764 0.212387130 -0.002864425 0.973804951
1341846335.574119 -1.259598970 0.164651945 0.328862518 0.078401186 0.212542146 -0.001330689 0.974000692
1341846335.605970 -1.259181499 0.160384104 0.320879728 0.076439194 0.211282358 -0.002010934 0.974429488
1341846335.641978 -1.264285803 0.162780404 0.306455880 0.076992780 0.212705672 -0.005875664 0.974060535
1341846335.673993 -1.275859952 0.163280845 0.299061000 0.076345667 0.213965610 -0.005391947 0.973838329
1341846335.706178 -1.279909968 0.162478477 0.290485471 0.075880229 0.212144762 -0.003897545 0.974280059
1341846335.741982 -1.286237955 0.159639940 0.280744761 0.075721279 0.212487102 -0.005172482 0.974211872
1341846335.773960 -1.294637680 0.168539137 0.270171374 0.076352723 0.213081270 -0.006076154 0.974027574
1341846335.806271 -1.299136400 0.178750440 0.261106014 0.075222977 0.212371677 -0.005040808 0.974276364
1341846335.842031 -1.301423311 0.169041902 0.254433483 0.072329365 0.213122830 -0.004780469 0.974332750
1341846335.873966 -1.305326104 0.169046462 0.242868021 0.072970867 0.214505404 -0.005560855 0.973977327
1341846335.910005 -1.313630581 0.173457310 0.233898848 0.072874658 0.213884369 -0.000932927 0.974136472
1341846335.941936 -1.321346521 0.175891876 0.231369078 0.072296321 0.212377012 -0.001371452 0.974508762
1341846335.974198 -1.325469255 0.176430240 0.222669348 0.071660340 0.211755425 -0.003173982 0.974686861
1341846336.010032 -1.334131837 0.176710099 0.216973841 0.070959933 0.212172300 -0.004648643 0.974641502
1341846336.042129 -1.343617439 0.175993323 0.201719418 0.069848798 0.210648715 -0.002527501 0.975059927
1341846336.078076 -1.355188012 0.171257690 0.195824578 0.069139019 0.210160747 -0.005783905 0.975201964
1341846336.110739 -1.350132823 0.181494623 0.191092238 0.070539974 0.208765224 -0.005740308 0.975401580
1341846336.142002 -1.359033346 0.177927315 0.191413790 0.070155114 0.208597794 -0.003817060 0.975474596
1341846336.183953 -1.368683934 0.182112277 0.185124293 0.070218496 0.206232503 -0.002680236 0.975976706
1341846336.241891 -1.372459888 0.186847627 0.173593923 0.068452016 0.205560148 -0.003261288 0.976242125
1341846336.277946 -1.383465648 0.182455003 0.171552181 0.069142327 0.206301257 -0.001184192 0.976041853
1341846336.309977 -1.398269057 0.174352735 0.181543201 0.071279310 0.205436245 -0.000958125 0.976070881
1341846336.346143 -1.389753103 0.186303928 0.141000465 0.074047752 0.201464340 0.002527770 0.976689637
1341846336.377975 -1.364518404 0.188158408 0.101601645 0.074795417 0.196254030 0.006204721 0.977676570
1341846336.410032 -1.339481235 0.194782406 0.064278185 0.076160632 0.191818178 0.009025117 0.978429317
1341846336.446041 -1.271458507 0.190157413 0.043954883 0.074136697 0.179062530 0.011025056 0.980978549
1341846336.477990 -1.211291075 0.177803397 0.021918423 0.070018202 0.168229848 0.019086488 0.983072698
1341846336.510056 -1.162944436 0.187017202 -0.001336342 0.072953872 0.160074756 0.017751992 0.984245241
1341846336.546024 -1.121504307 0.192428708 -0.029453009 0.074294038 0.152848944 0.018033225 0.985287964
1341846336.578003 -1.075280190 0.201215103 -0.058266740 0.074468978 0.143778592 0.018796621 0.986624956
1341846336.614020 -1.030471325 0.210383400 -0.076322049 0.074490301 0.137180269 0.016701356 0.987600029
1341846336.645982 -0.993035614 0.221768603 -0.094070204 0.074552156 0.132246867 0.014695594 0.988299966
1341846336.678036 -1.109087825 0.187999353 -0.065086886 0.067857623 0.148182109 0.019550925 0.986435592
1341846336.714024 -1.071628451 0.193056822 -0.076921448 0.070240952 0.139643386 0.017871633 0.987545729
1341846336.746016 -1.058102012 0.202128708 -0.082014665 0.076110087 0.134891063 0.018354215 0.987762511
1341846336.778014 -1.015651345 0.210070357 -0.115795627 0.079657659 0.122683883 0.020107517 0.989039481
1341846336.820006 -0.960842371 0.222613543 -0.143880904 0.081879467 0.109136425 0.021066401 0.990424812
1341846336.882056 -0.889555454 0.235708743 -0.166209221 0.086526833 0.095304623 0.017721916 0.991522133
1341846336.914273 -0.834867775 0.238774344 -0.189778581 0.089502536 0.080910012 0.018592827 0.992520630
1341846336.945998 -0.774843335 0.256126910 -0.203594252 0.098616727 0.065373592 0.015525920 0.992854476
1341846336.981980 -0.728143156 0.278089255 -0.221992299 0.103071518 0.054627452 0.011003791 0.993111789
1341846337.014238 -0.663192391 0.293045431 -0.231431663 0.101751924 0.041744117 0.007487445 0.993905425
1341846337.046017 -0.606638491 0.299878120 -0.227855444 0.100549906 0.032976639 0.000186400 0.994385362
1341846337.082104 -0.552836895 0.311050743 -0.239490300 0.101454571 0.023956319 -0.003548330 0.994545341
1341846337.114317 -0.488048345 0.324241787 -0.261999488 0.101593368 0.008311000 -0.004136552 0.994782686
1341846337.150037 -0.460147709 0.326019794 -0.246592864 0.100466661 0.004743566 -0.006133440 0.994910240
1341846337.181873 -0.439281225 0.323758006 -0.235304683 0.099908270 0.003913522 -0.009232300 0.994946122
1341846337.214073 -0.493420660 0.335566878 -0.285470277 0.097146548 0.008605764 -0.010978622 0.995172322
1341846337.250087 -0.476971030 0.327534407 -0.262993097 0.094415396 0.006349967 -0.009956584 0.995462894
1341846337.282028 -0.456437856 0.328468084 -0.256907731 0.096016817 0.000578701 -0.007069583 0.995354414
1341846337.317920 -0.441861212 0.329949021 -0.260944307 0.095699966 -0.001646020 -0.007156404 0.995383143
1341846337.350018 -0.426919818 0.331743956 -0.275715917 0.093599617 -0.002062174 -0.005784058 0.995590985
1341846337.382159 -0.416976154 0.325768530 -0.271127880 0.090493083 -0.002285037 -0.007632563 0.995865226
1341846337.417941 -0.411335170 0.320622295 -0.277046144 0.091183789 -0.002257000 -0.007018765 0.995806813
1341846337.450137 -0.414875180 0.323779374 -0.281964898 0.091443487 -0.004276680 -0.004967540 0.995788693
1341846337.482096 -0.413220853 0.320572197 -0.280257523 0.089812763 -0.004577953 -0.004142648 0.995939553
1341846337.518008 -0.413202882 0.320586622 -0.275203109 0.091112055 -0.004912560 -0.004870933 0.995816588
1341846337.549978 -0.412936419 0.325590044 -0.273616463 0.091573194 -0.006019968 -0.006132412 0.995761275
1341846337.585971 -0.414108723 0.324476868 -0.285952181 0.088379838 -0.005916345 -0.006956887 0.996044993
1341846337.617903 -0.411285043 0.314196199 -0.250538975 0.089770511 -0.007042088 -0.007193123 0.995911658
1341846337.650141 -0.412984252 0.324091136 -0.282775968 0.092249371 -0.006885604 -0.007688603 0.995682478
1341846337.686352 -0.409927011 0.325570971 -0.274479240 0.090502501 -0.006741278 -0.007384753 0.995846093
1341846337.718002 -0.401589453 0.320954770 -0.267650664 0.088422440 -0.007196897 -0.006908427 0.996033192
1341846337.749920 -0.413143694 0.330310076 -0.277867317 0.088771187 -0.003636073 -0.008436059 0.996009707
1341846337.786157 -0.409715146 0.333890229 -0.273813754 0.085637584 -0.001104013 -0.007804503 0.996295214
1341846337.817945 -0.403967708 0.329225570 -0.261801481 0.083563715 0.000511239 -0.005826831 0.996485293
1341846337.854071 -0.406806886 0.332803547 -0.265232831 0.082187422 0.004593256 -0.007061467 0.996581316
1341846337.885951 -0.411176831 0.336433977 -0.262260973 0.079160586 0.007521962 -0.008856020 0.996794164
1341846337.918223 -0.402520150 0.333175540 -0.252750248 0.074486800 0.008336163 -0.010366358 0.997133255
1341846337.954120 -0.405410081 0.334178746 -0.249061480 0.072387770 0.010145860 -0.010889440 0.997265518
1341846337.985994 -0.404503316 0.340947986 -0.244297460 0.069934361 0.011193783 -0.010490816 0.997433603
1341846338.018107 -0.400154024 0.337941170 -0.235019445 0.066594198 0.012538909 -0.009365086 0.997657418
1341846338.054055 -0.399004757 0.341835648 -0.232732594 0.064363405 0.014382954 -0.010576495 0.997766793
1341846338.085986 -0.396582484 0.340378672 -0.213440105 0.060916655 0.017313275 -0.010274514 0.997939825
1341846338.121875 -0.394669771 0.335602164 -0.212608188 0.058761410 0.019900443 -0.008340898 0.998038828
1341846338.154089 -0.388259649 0.336561203 -0.203851968 0.057719685 0.019467110 -0.003918508 0.998135328
1341846338.186029 -0.389510095 0.335845858 -0.201711446 0.056680102 0.019453067 -0.002014216 0.998200893
1341846338.222071 -0.382738322 0.336339921 -0.189683184 0.055561535 0.020382792 -0.002699119 0.998243570
1341846338.254107 -0.372738034 0.329104573 -0.169753298 0.053452481 0.021092316 -0.000868173 0.998347223
1341846338.290130 -0.378785878 0.329683900 -0.169679269 0.054222807 0.021869579 -0.000097067 0.998289347
1341846338.321952 -0.376782626 0.328778446 -0.154829785 0.054252990 0.022045903 0.002743604 0.998280108
1341846338.354022 -0.374625355 0.324504465 -0.143973157 0.053352401 0.022570783 0.003240520 0.998315394
1341846338.389969 -0.379724324 0.332093537 -0.145202428 0.053406615 0.024078300 0.003302063 0.998277068
1341846338.422377 -0.372403860 0.333187819 -0.131357461 0.051775344 0.024863020 0.002162863 0.998346865
1341846338.454010 -0.368522912 0.332876533 -0.120673992 0.050720081 0.023724245 0.002153824 0.998428822
1341846338.489894 -0.365691692 0.329101980 -0.110426575 0.048641793 0.023129163 0.002877459 0.998544335
1341846338.522066 -0.367327958 0.325255215 -0.103340350 0.049226385 0.023786062 0.001946155 0.998502493
1341846338.558058 -0.371933162 0.333647758 -0.104518048 0.049098223 0.024541143 0.000993227 0.998491943
1341846338.589842 -0.368399411 0.336947203 -0.090359852 0.047592442 0.025475092 -0.000983237 0.998541474
1341846338.622019 -0.354961306 0.328028411 -0.076015666 0.047767021 0.025058670 0.001684897 0.998542726
1341846338.657984 -0.354479045 0.333202302 -0.070420504 0.048233982 0.024367001 0.004306035 0.998529553
1341846338.690198 -0.355280995 0.332744449 -0.068019122 0.046129432 0.024371723 0.002745355 0.998634398
1341846338.722454 -0.346370101 0.331681252 -0.050627995 0.045681093 0.024975352 0.003113422 0.998638988
1341846338.757945 -0.351317018 0.331620485 -0.047698852 0.045635890 0.025115227 0.005757846 0.998625755
1341846338.790039 -0.347783059 0.329108834 -0.040653110 0.043422423 0.022904359 0.006076992 0.998775780
1341846338.826048 -0.326790720 0.327565759 -0.015087176 0.043801975 0.022079792 0.005417842 0.998781562
1341846338.858027 -0.328485906 0.330130011 -0.008893397 0.043594457 0.024170088 0.004694591 0.998745918
1341846338.889902 -0.327086896 0.330042928 -0.000732403 0.041063588 0.023125481 0.004678171 0.998877943
1341846338.925948 -0.324320853 0.326874375 0.009131924 0.040395968 0.024073314 0.002420144 0.998890817
1341846338.958108 -0.324668795 0.325364649 0.017675325 0.040385112 0.026734587 0.001821089 0.998824894
1341846338.990057 -0.321017742 0.321980208 0.027860846 0.040557131 0.026487520 0.002842545 0.998822033
1341846339.025928 -0.315946192 0.324932128 0.043549821 0.043634504 0.027093345 0.001488756 0.998679042
1341846339.057939 -0.312910169 0.324847579 0.050852746 0.046114009 0.029230604 0.002089470 0.998506308
1341846339.093927 -0.318560660 0.332359999 0.056258935 0.045630455 0.029410481 0.003202930 0.998520195
1341846339.126562 -0.311368048 0.332697541 0.059717014 0.042006981 0.027889378 0.002910651 0.998723745
1341846339.157969 -0.300967962 0.330922306 0.082417548 0.039283793 0.030380677 0.000901192 0.998765767
1341846339.194113 -0.297083229 0.329571933 0.091075405 0.036670186 0.030693831 0.003499329 0.998849809
1341846339.228165 -0.292660534 0.334213972 0.106696397 0.034027744 0.028746862 0.005454571 0.998992562
1341846339.257998 -0.286240399 0.332463115 0.117927127 0.031423245 0.029232707 0.005219404 0.999064982
1341846339.294132 -0.290197164 0.333678782 0.119524218 0.031348709 0.032105535 0.006669325 0.998970509
1341846339.326577 -0.284122646 0.330771774 0.125010848 0.026297990 0.029115148 0.012408358 0.999153018
1341846339.362269 -0.278678954 0.334967881 0.139846116 0.022862412 0.027264865 0.007917180 0.999335468
1341846339.394725 -0.273800880 0.340716839 0.149757177 0.023048287 0.029433955 0.006824903 0.999277651
1341846339.462186 -0.263916492 0.336029768 0.167611867 0.019008560 0.028012251 0.006729363 0.999404192
1341846339.496743 -0.256053358 0.330652565 0.172998220 0.021158447 0.031516939 0.005057662 0.999266505
1341846339.562052 -0.252774596 0.327299863 0.187132612 0.022539828 0.034649983 0.007527575 0.999117017
1341846339.595122 -0.244414493 0.331310749 0.199298352 0.025286194 0.034881216 0.006193167 0.999052405
1341846339.632085 -0.246032655 0.339169741 0.210888937 0.028111454 0.040209085 0.003276943 0.998790383
1341846339.664568 -0.236567140 0.328831971 0.214293078 0.026653115 0.041537371 0.002584434 0.998778045
1341846339.698896 -0.235538125 0.322390378 0.221420974 0.025828132 0.042899575 0.002492627 0.998742402
1341846339.731977 -0.231777191 0.322860360 0.229511291 0.026319604 0.043246742 0.000326435 0.998717666
1341846339.762241 -0.225806683 0.319470376 0.238615692 0.026298238 0.044184174 0.000726230 0.998677015
1341846339.797873 -0.229234233 0.320029855 0.245052695 0.026887611 0.045595840 0.001626025 0.998596787
1341846339.830245 -0.222224042 0.317231029 0.254443616 0.026419530 0.044597324 0.001853408 0.998654008
1341846339.862015 -0.221074522 0.317147136 0.257493138 0.025838453 0.045003172 0.001125672 0.998652041
1341846339.897797 -0.216377065 0.318367571 0.265986711 0.025189871 0.046080183 0.000661914 0.998619914
1341846339.929916 -0.213694409 0.312699407 0.276799977 0.024662530 0.047208413 0.002398547 0.998577714
1341846339.961960 -0.211722955 0.308424234 0.279872388 0.025548918 0.046463851 0.003329246 0.998587668
1341846339.997845 -0.197241902 0.312669814 0.288146436 0.027463812 0.045749832 0.003261310 0.998570025
1341846340.029925 -0.191868171 0.311217844 0.302422434 0.028726032 0.047995359 0.004828501 0.998422742
1341846340.066044 -0.189272657 0.308108509 0.306906134 0.030442620 0.049002394 0.006370878 0.998314321
1341846340.098009 -0.196111739 0.310795099 0.309154481 0.031725597 0.050980791 0.005650464 0.998179615
1341846340.130102 -0.188407958 0.310383916 0.319292724 0.030939341 0.050086707 0.004986695 0.998253107
1341846340.166041 -0.183572635 0.310310781 0.325273275 0.032657165 0.052600700 0.003661507 0.998074770
1341846340.197867 -0.185717106 0.307615638 0.330221981 0.033027180 0.055335000 0.003062838 0.997916758
1341846340.229904 -0.177658468 0.313372105 0.344477981 0.032623310 0.054805052 0.002294003 0.997961402
1341846340.265859 -0.172103032 0.305162311 0.349106014 0.031033251 0.055444375 0.001649152 0.997978032
1341846340.298061 -0.173426390 0.305322707 0.351045638 0.033481494 0.058283083 0.003088308 0.997733712
1341846340.334063 -0.177295446 0.308659405 0.355081886 0.032550164 0.057803709 0.004983797 0.997784793
1341846340.366064 -0.166340888 0.301363707 0.364249498 0.030630240 0.054772001 0.005454501 0.998014092
1341846340.397995 -0.162715167 0.300180495 0.364593208 0.032424305 0.055144276 0.005301843 0.997937739
1341846340.433895 -0.161715582 0.302196950 0.370509773 0.033371881 0.054815389 0.005824355 0.997921705
1341846340.465959 -0.163764670 0.298655272 0.372975111 0.033568908 0.052888311 0.008011095 0.998003960
1341846340.501858 -0.160656080 0.301427871 0.375075728 0.034523241 0.049439743 0.005968119 0.998162448
1341846340.534329 -0.148877859 0.304874808 0.380950838 0.035567470 0.047041304 0.005228843 0.998245895
1341846340.566041 -0.141995281 0.302566975 0.387458026 0.036909118 0.045514636 0.006168677 0.998262584
1341846340.601909 -0.145254150 0.300673753 0.372661203 0.039109886 0.045434330 0.006455205 0.998180628
1341846340.634005 -0.141504407 0.302970439 0.366016626 0.039683983 0.044604599 0.005506153 0.998201072
1341846340.666028 -0.135316089 0.300133586 0.364922553 0.039197151 0.044491518 0.003597427 0.998234093
1341846340.701946 -0.134841248 0.297866940 0.366086692 0.040833589 0.046394501 0.000628025 0.998088121
1341846340.733954 -0.138772219 0.301970124 0.361264497 0.042192999 0.049050558 -0.000974554 0.997904241
1341846340.770081 -0.132634059 0.303118765 0.364512175 0.041544497 0.048824131 -0.003443922 0.997937083
1341846340.801980 -0.123895913 0.301974833 0.366785854 0.041456744 0.049099483 -0.008273873 0.997898936
1341846340.833999 -0.129364148 0.304435760 0.359900504 0.041004807 0.052489243 -0.012478745 0.997701287
1341846340.870013 -0.131922334 0.301444769 0.357683629 0.039104145 0.052637089 -0.013420314 0.997757554
1341846340.901955 -0.129797950 0.299504876 0.357363850 0.039910853 0.052118059 -0.013360524 0.997753620
1341846340.933918 -0.133354679 0.300766498 0.356726348 0.042227041 0.051913399 -0.011028598 0.997697532
1341846340.970122 -0.139354914 0.307529509 0.349630505 0.045028180 0.049686510 -0.007175172 0.997723579
1341846341.001922 -0.137915000 0.304730564 0.348814368 0.046388526 0.045100465 -0.001866547 0.997903109
1341846341.037923 -0.135365546 0.307105660 0.343287528 0.047893543 0.042232167 0.000123454 0.997959316
1341846341.070300 -0.134562001 0.305868775 0.338116705 0.048212796 0.041234083 0.000672929 0.997985423
1341846341.102028 -0.134936765 0.302076817 0.334582925 0.046713214 0.039216384 0.000811629 0.998137951
1341846341.137982 -0.130969122 0.302733123 0.336441249 0.046992023 0.036836773 0.000913375 0.998215437
1341846341.170048 -0.130940050 0.301029533 0.338085771 0.047527507 0.036526892 0.001776563 0.998200297
1341846341.202110 -0.130770579 0.299437791 0.331166744 0.048894130 0.035836138 0.003103964 0.998156071
1341846341.237996 -0.131568536 0.299775928 0.325412333 0.050502956 0.036173183 0.003769913 0.998061478
1341846341.269883 -0.128422931 0.301189393 0.325904191 0.051937073 0.035973597 0.004558709 0.997991800
1341846341.306107 -0.132684335 0.299190372 0.321532398 0.052133396 0.036009140 0.003343780 0.997985184
1341846341.338109 -0.134336919 0.299474806 0.315246224 0.052797467 0.036805317 0.001246169 0.997925997
1341846341.370120 -0.133581251 0.298419625 0.319110692 0.053316012 0.038198549 -0.001451668 0.997845769
1341846341.406074 -0.139042810 0.296508104 0.319585264 0.052909229 0.039189957 -0.001659563 0.997828662
1341846341.438113 -0.139226601 0.292565346 0.322408020 0.053925410 0.037321579 -0.001820000 0.997845650
1341846341.470024 -0.134830654 0.297141552 0.321546137 0.057383273 0.036759332 -0.003866497 0.997667789
1341846341.506077 -0.137689769 0.302806497 0.319596410 0.057479728 0.037947051 -0.004897966 0.997613192
1341846341.538156 -0.145993695 0.298793912 0.322384328 0.056262575 0.036811892 -0.004334139 0.997727752
1341846341.574016 -0.140257090 0.301968575 0.323570400 0.057861988 0.033905484 -0.003873463 0.997741163
1341846341.612466 -0.139543876 0.303815156 0.319996417 0.058440402 0.033165421 -0.003965172 0.997731984
1341846341.612466 -0.139621243 0.305046290 0.319575369 0.058942772 0.033189166 -0.003462418 0.997703552
1341846341.643972 -0.143251389 0.308270782 0.315468192 0.058311678 0.032150522 -0.004435117 0.997770786
1341846341.679982 -0.143084005 0.303293020 0.312255353 0.057550527 0.030450301 -0.003356178 0.997872531
1341846341.712332 -0.148530394 0.300843358 0.311207801 0.057689007 0.028681973 -0.001917444 0.997920632
1341846341.744185 -0.144730464 0.298430353 0.310666203 0.057794750 0.025954701 -0.000271227 0.997991025
1341846341.780061 -0.144775435 0.299606413 0.309137821 0.058585640 0.025325997 0.001010441 0.997960627
1341846341.842595 -0.142649040 0.294133008 0.305377781 0.060643587 0.023753727 0.006514286 0.997855544
1341846341.906227 -0.142855421 0.289821446 0.297571391 0.063851237 0.022945726 0.011015240 0.997634828
1341846341.942069 -0.138663754 0.286216527 0.289793730 0.067008421 0.022053560 0.013304010 0.997419953
1341846341.974775 -0.136973843 0.287512153 0.291903675 0.070553958 0.021383375 0.015392757 0.997159958
1341846342.010161 -0.141491190 0.286525607 0.287225246 0.071151070 0.020610465 0.016639788 0.997113764
1341846342.042024 -0.136073649 0.284442544 0.283548862 0.072830640 0.019538367 0.017375294 0.997001529
1341846342.080032 -0.133002698 0.286900014 0.285174876 0.075352803 0.021461466 0.017630793 0.996770084
1341846342.080032 -0.131955400 0.287528574 0.284003764 0.075375974 0.021265116 0.017759148 0.996770203
1341846342.112265 -0.142458379 0.285498589 0.285773963 0.075795494 0.023126071 0.018988861 0.996674299
1341846342.147954 -0.139810055 0.281386614 0.283262372 0.077984758 0.021441849 0.020935562 0.996504068
1341846342.179852 -0.133175939 0.281249046 0.277617633 0.080780312 0.021043405 0.023081107 0.996242464
1341846342.211848 -0.136082143 0.283887804 0.278548568 0.081729189 0.022158014 0.021591136 0.996174276
1341846342.247920 -0.137184978 0.280873537 0.279427975 0.082669944 0.022616483 0.020193666 0.996115685
1341846342.279870 -0.136751801 0.281351149 0.279813677 0.084498435 0.022968953 0.020645870 0.995944917
1341846342.316068 -0.134066537 0.280757904 0.274492741 0.085477151 0.022713097 0.021747271 0.995843768
1341846342.347894 -0.133583382 0.282535106 0.275664240 0.085981376 0.022851290 0.021499971 0.995802641
1341846342.379953 -0.130176738 0.280938596 0.277759880 0.086118504 0.022974212 0.022250131 0.995771468
1341846342.416195 -0.131514236 0.279842049 0.276184589 0.086636052 0.023178099 0.023687974 0.995688677
