1341846226.817920 0.000000000 0.000000000 0.000000000 -0.000000000 -0.000000000 -0.000000000 1.000000000
1341846226.850323 0.005053340 0.003759686 0.003942508 0.001404226 -0.000681474 -0.001315787 0.999997914
1341846226.881894 0.006325501 0.002207112 -0.001355551 0.001352632 0.000866577 -0.003096775 0.999993920
1341846226.917980 -0.003110259 0.001325898 0.002118108 0.000442241 0.000644819 -0.002549523 0.999996483
1341846226.950000 -0.001636317 -0.003307610 0.005529694 0.000939887 -0.001773645 -0.002951990 0.999993622
1341846226.985981 -0.000759409 0.001958752 0.004253911 0.003517880 -0.002590906 -0.002995518 0.999985993
1341846227.017919 0.000537007 0.004064294 0.003204088 0.003399466 -0.003458792 -0.003319842 0.999982715
1341846227.050040 0.001029096 -0.000772440 0.007391078 0.002747501 -0.004086532 -0.004399918 0.999978244
1341846227.085982 0.005797784 -0.000172626 0.004380197 0.003387314 -0.004512159 -0.004752294 0.999972820
1341846227.118052 0.002592254 0.001739988 0.008536787 0.004196465 -0.004057410 -0.004907759 0.999970913
1341846227.149935 0.008076725 -0.001499962 0.003331742 0.004377129 -0.004941631 -0.004747400 0.999966919
1341846227.186053 -0.008240688 0.008671117 -0.006204374 0.005459700 -0.003592325 -0.007009842 0.999954104
1341846227.218443 -0.003106412 0.005493773 -0.003433925 0.004105862 -0.004889912 -0.009259498 0.999936759
1341846227.253944 0.000409394 0.000033650 -0.003702971 0.004690710 -0.004932144 -0.011196281 0.999914169
1341846227.285981 -0.005154703 0.002987170 -0.003758173 0.006397078 -0.004807816 -0.012350922 0.999891698
1341846227.320064 -0.007026906 -0.000826018 -0.006700669 0.005734460 -0.006021268 -0.012815662 0.999883354
1341846227.353969 -0.004377550 0.004612604 -0.006762047 0.006923254 -0.008251636 -0.014423443 0.999837995
1341846227.385846 -0.003211129 0.007038637 -0.008698198 0.006684551 -0.010594290 -0.016331172 0.999788165
1341846227.418015 -0.009187552 0.006935576 -0.007664043 0.005289671 -0.013288045 -0.018822767 0.999720573
1341846227.453997 -0.008938046 0.004037065 -0.007398607 0.003377026 -0.015836271 -0.022804365 0.999608815
1341846227.485981 -0.008470817 -0.000748763 -0.005517707 0.001792462 -0.016898137 -0.025259638 0.999536514
1341846227.521976 -0.011870646 -0.002155626 -0.004921159 0.001702238 -0.018105980 -0.026151164 0.999492586
1341846227.553980 -0.009277433 -0.007549673 -0.004091779 0.002885832 -0.021107044 -0.026818162 0.999413371
1341846227.586047 -0.005088906 -0.000907041 -0.003161803 0.005287006 -0.021806974 -0.029923862 0.999300361
1341846227.622081 -0.005348269 0.001859595 0.000464048 0.005203969 -0.021193704 -0.033452060 0.999202013
1341846227.653945 -0.003062045 -0.007548432 0.001402883 0.003865599 -0.021931788 -0.032856416 0.999211967
1341846227.686038 0.002240460 -0.014035050 0.007545236 0.006441050 -0.023620265 -0.032628629 0.999167621
1341846227.721966 0.005445482 -0.003294316 -0.000987362 0.010170986 -0.021555923 -0.034166623 0.999131918
1341846227.754130 0.003009835 -0.010727962 -0.000908880 0.010264022 -0.018227648 -0.034637287 0.999181032
1341846227.789951 0.008810056 -0.005997815 0.000813548 0.012607462 -0.017219126 -0.032465592 0.999245048
1341846227.821920 0.008730688 -0.003806769 0.003614526 0.012940178 -0.015090820 -0.030629540 0.999333143
1341846227.854275 0.006609302 -0.010542937 0.000027550 0.012564772 -0.012868772 -0.032502051 0.999309897
1341846227.889935 0.006043004 -0.009444974 -0.002325802 0.013095101 -0.011040827 -0.031960152 0.999342382
1341846227.921967 0.009737103 -0.011423258 0.001405247 0.012687721 -0.010493009 -0.031150103 0.999379158
1341846227.958123 0.017885899 -0.002192504 0.002931015 0.014258073 -0.010277542 -0.031201769 0.999358594
1341846227.989985 0.016789019 -0.003683117 0.002650496 0.012922282 -0.007459363 -0.032849912 0.999348938
1341846228.021937 0.020113925 -0.018178834 0.006611791 0.011041990 -0.007473622 -0.031489599 0.999415159
1341846228.058222 0.015016664 -0.014363598 0.007238321 0.014065979 -0.006418234 -0.030683594 0.999409556
1341846228.090097 0.023024572 -0.003714445 0.004321765 0.015108753 -0.006167451 -0.031300843 0.999376774
1341846228.121845 0.023274202 -0.003903393 0.001748751 0.011512859 -0.003994278 -0.029761653 0.999482751
1341846228.157875 0.024057383 -0.004394131 0.001620106 0.009286454 -0.004524861 -0.025798569 0.999613762
1341846228.189872 0.023707870 0.001726165 0.002069562 0.007595362 -0.005028768 -0.024004182 0.999670446
1341846228.225994 0.023249397 -0.019435905 -0.005798561 0.002550556 -0.005102582 -0.024328759 0.999687731
1341846228.258336 0.018578313 -0.020156238 -0.007252658 0.003400301 -0.005293984 -0.024912501 0.999669909
1341846228.289941 0.018434921 -0.017449697 -0.006894419 0.004418787 -0.005612150 -0.024228144 0.999680996
1341846228.326018 0.025280545 -0.021054756 -0.006455427 0.004445402 -0.005767968 -0.024340391 0.999677241
1341846228.358243 0.026871167 -0.016061950 -0.006431162 0.005534752 -0.004198778 -0.024198243 0.999683082
1341846228.389779 0.028179958 -0.016359532 -0.008419822 0.005273018 -0.004114075 -0.022616882 0.999721885
1341846228.426073 0.028962430 -0.022392282 -0.006384083 0.004679148 -0.003317739 -0.023413114 0.999709487
1341846228.493915 0.024666099 -0.017556718 -0.013216128 0.005692874 -0.000378921 -0.021846607 0.999745071
1341846228.525907 0.024534015 -0.019033626 -0.011017067 0.004889903 -0.001239608 -0.021450093 0.999757230
1341846228.558208 0.029723879 -0.021144701 -0.009816088 0.004715758 -0.001547704 -0.020797785 0.999771416
1341846228.593899 0.027210638 -0.022434061 -0.012386602 0.004704407 -0.000701550 -0.019808725 0.999792516
1341846228.626021 0.018346494 -0.022364397 -0.017037217 0.004582857 -0.000943424 -0.019274984 0.999803305
1341846228.658069 0.023285482 -0.016800836 -0.004011263 0.004673230 -0.002435903 -0.018672954 0.999811769
1341846228.693942 0.023517063 -0.020923631 -0.003729898 0.003354407 -0.001482907 -0.019769045 0.999797881
1341846228.726069 0.025473246 -0.020094818 -0.001488816 0.002716841 -0.000454398 -0.019286955 0.999810219
1341846228.762090 0.019071961 -0.024935542 -0.003389630 0.002071973 0.000414661 -0.017342571 0.999847412
1341846228.794000 0.022297164 -0.027592136 -0.003813090 0.002877137 -0.000756497 -0.016180774 0.999864697
1341846228.825934 0.024362385 -0.022835715 -0.007334048 0.004368793 -0.000165516 -0.015778275 0.999866068
1341846228.862015 0.035526585 -0.022003166 0.001203711 0.004371768 -0.002046122 -0.014259217 0.999886692
1341846228.893856 0.035646155 -0.021468913 0.001679561 0.004672386 -0.003381037 -0.013933509 0.999886334
1341846228.926548 0.032280002 -0.016238434 0.004744694 0.005846040 -0.002667037 -0.014929031 0.999867916
1341846228.961940 0.033220887 -0.012879461 0.004278838 0.005844652 -0.001996293 -0.014581153 0.999874651
1341846228.994040 0.032844935 -0.012762092 0.004138005 0.004885166 -0.001981974 -0.013948330 0.999888837
1341846229.029897 0.033778653 -0.018680744 0.009658820 0.004276818 -0.002401516 -0.013935325 0.999890924
1341846229.061870 0.034413230 -0.018051153 0.008881312 0.005655971 -0.002057389 -0.013564580 0.999889910
1341846229.094829 0.035370655 -0.013824283 0.006651238 0.006287574 -0.001526721 -0.012664356 0.999898911
1341846229.129930 0.037718933 -0.012638880 0.006581035 0.005799610 -0.001455869 -0.011792436 0.999912620
1341846229.161882 0.037520811 -0.014746521 0.004304248 0.005123510 -0.000627854 -0.012926372 0.999903142
1341846229.197882 0.037304483 -0.018498942 0.001579938 0.004943768 -0.000705645 -0.011978106 0.999915838
1341846229.229812 0.035430789 -0.017398572 0.003494661 0.006260187 -0.001155942 -0.011601851 0.999912500
1341846229.261994 0.019125538 -0.016923852 0.002409492 0.007441820 0.001167142 -0.013044820 0.999886572
1341846229.297920 0.016688237 -0.014016856 -0.000187194 0.007917419 0.001344192 -0.014294084 0.999865592
1341846229.329933 0.016117768 -0.014225056 -0.002897308 0.007749503 0.000657116 -0.014727444 0.999861360
1341846229.361996 0.020471876 -0.017385302 0.003130991 0.007573305 -0.000635595 -0.013540052 0.999879479
1341846229.398029 0.023476442 -0.027771899 0.006262274 0.008706883 -0.000801686 -0.013295634 0.999873459
1341846229.430182 0.019931139 -0.032149058 0.002607920 0.010766301 -0.000493896 -0.013317643 0.999853253
1341846229.471963 0.018527409 -0.022339821 0.001545121 0.012874767 -0.000502182 -0.013037551 0.999832034
1341846229.530149 0.033341311 -0.023066605 -0.009583623 0.014423116 -0.001820182 -0.011059137 0.999833167
1341846229.566064 0.039511722 -0.018891875 -0.008637846 0.015453982 -0.002990708 -0.008749398 0.999837875
1341846229.630063 0.028858818 -0.020741403 -0.008561851 0.018589908 0.000948656 -0.007371654 0.999799550
1341846229.665946 0.030203523 -0.021220867 -0.013702208 0.017840186 0.001152797 -0.006266893 0.999820590
1341846229.698150 0.034866042 -0.028012104 -0.009726081 0.017955242 0.000817678 -0.004438515 0.999828696
1341846229.733828 0.035281941 -0.031090513 -0.008985275 0.020774029 0.002380841 -0.004675575 0.999770463
1341846229.765937 0.024086989 -0.022386124 -0.018823067 0.022299675 0.005473209 -0.005348221 0.999722123
1341846229.798002 0.029182050 -0.021600613 -0.017360102 0.020382645 0.004662099 -0.004915693 0.999769270
1341846229.833857 0.021818018 -0.028297735 -0.013974484 0.019523086 0.006299232 -0.005989335 0.999771655
1341846229.865928 0.024637023 -0.031021116 -0.015591454 0.020713001 0.006626728 -0.006199894 0.999744296
1341846229.897926 0.023670446 -0.015443387 -0.017406996 0.022531427 0.006994122 -0.006456855 0.999700844
1341846229.939857 0.029218359 -0.014182514 -0.011178742 0.020660715 0.006512769 -0.006724492 0.999742746
1341846230.002061 0.033964399 -0.021184219 -0.017877543 0.016738074 0.006714201 -0.005377760 0.999822915
1341846230.033858 0.031905472 -0.021772537 -0.012719315 0.014086216 0.006723433 -0.005717753 0.999861896
1341846230.065938 0.044076990 -0.029764710 -0.010672407 0.012681440 0.005568015 -0.004867265 0.999892235
1341846230.103878 0.038953371 -0.030189591 -0.010304776 0.012451751 0.007354025 -0.004836001 0.999883831
1341846230.103878 0.038635194 -0.029970594 -0.010115618 0.012473616 0.007405679 -0.004845007 0.999883056
1341846230.144719 0.037040100 -0.023678742 -0.016298287 0.012447307 0.007882866 -0.004867363 0.999879599
1341846230.172747 0.038509898 -0.033509988 -0.012249273 0.010799338 0.008144127 -0.003687885 0.999901772
1341846230.208544 0.036606636 -0.034046169 -0.016898258 0.011736235 0.009138352 -0.003099930 0.999884605
1341846230.271971 0.041426230 -0.035727572 -0.011664108 0.010201474 0.008151113 -0.001825915 0.999913096
1341846230.334051 0.043665878 -0.038272601 -0.015247834 0.014122040 0.008484258 -0.000019339 0.999864280
1341846230.370031 0.040125336 -0.040833149 -0.015105504 0.015805507 0.009833073 -0.001085188 0.999826133
1341846230.401932 0.040281795 -0.034337267 -0.012402123 0.018785309 0.010938348 -0.001716892 0.999762297
1341846230.437965 0.049828127 -0.031049566 -0.011322668 0.021073470 0.009723406 -0.001474641 0.999729633
1341846230.469920 0.045542601 -0.030766672 -0.015314654 0.022364158 0.010973095 -0.003097817 0.999684870
1341846230.501933 0.041414253 -0.030711420 -0.020363184 0.022113143 0.011741150 -0.004539195 0.999676287
1341846230.537834 0.034166336 -0.029379198 -0.016752446 0.021541428 0.012371460 -0.005489841 0.999676347
1341846230.569803 0.031785250 -0.037485342 -0.017126286 0.022018133 0.012384886 -0.006755627 0.999658048
1341846230.601945 0.021473728 -0.033996198 -0.015986990 0.024291979 0.013229305 -0.006443625 0.999596596
1341846230.637789 0.021713194 -0.037143085 -0.020725371 0.024944926 0.012487761 -0.006775507 0.999587893
1341846230.670057 0.036045812 -0.026728192 -0.025757281 0.025852786 0.009763114 -0.005684186 0.999601960
1341846230.705937 0.037435271 -0.032003783 -0.025424672 0.023982139 0.008707336 -0.006683293 0.999652207
1341846230.737932 0.040618159 -0.033773940 -0.013624724 0.024938408 0.008289642 -0.005792548 0.999637842
1341846230.769960 0.044957936 -0.034558315 -0.008584164 0.025846129 0.007314395 -0.004162209 0.999630511
1341846230.805852 0.034342941 -0.026389457 -0.018620342 0.027529879 0.008289743 -0.004009644 0.999578595
1341846230.837804 0.045759328 -0.029653685 -0.015822917 0.026920103 0.006373091 -0.005676242 0.999601185
1341846230.869829 0.043980610 -0.030013774 -0.017486077 0.028049046 0.006921983 -0.004947262 0.999570370
1341846230.905851 0.021065209 -0.037047610 -0.019252222 0.027421778 0.010061880 -0.005872119 0.999556124
1341846230.937917 0.022390600 -0.032526445 -0.017147450 0.027909812 0.008629329 -0.006195884 0.999554038
1341846230.973933 0.020931724 -0.040188145 -0.017784951 0.027599761 0.008362720 -0.006929883 0.999560118
1341846231.006047 0.021919496 -0.037846416 -0.013751323 0.029318759 0.008288092 -0.005829617 0.999518812
1341846231.037936 0.041273221 -0.029266447 -0.011669371 0.030467475 0.004592240 -0.004726362 0.999514103
1341846231.074310 0.044212665 -0.029238757 -0.012179050 0.030311152 0.003651601 -0.004907212 0.999521852
1341846231.106085 0.037883081 -0.036149833 -0.011518306 0.030791033 0.004240934 -0.004931270 0.999504685
1341846231.138083 0.035282612 -0.036376633 -0.013792887 0.031773541 0.003835709 -0.004914204 0.999475658
1341846231.174011 0.033766471 -0.032867845 -0.012763026 0.032196481 0.003640746 -0.005701974 0.999458671
1341846231.205909 0.034579944 -0.037190862 -0.012560666 0.032578744 0.003347633 -0.005931392 0.999445975
1341846231.241869 0.036319256 -0.034342676 -0.012249396 0.034204297 0.003506024 -0.005851657 0.999391615
1341846231.273832 0.033330649 -0.034867346 -0.012492357 0.034009375 0.003802548 -0.007600762 0.999385417
1341846231.305846 0.038874332 -0.030940171 -0.014326896 0.035936136 0.002706099 -0.006615701 0.999328554
1341846231.341923 0.029265024 -0.024992775 -0.014201969 0.036479592 0.003859316 -0.006447938 0.999306142
1341846231.410022 0.030737016 -0.030205213 -0.011549613 0.033344675 0.003219253 -0.007157285 0.999413133
1341846231.442103 0.026147705 -0.028609352 -0.010514475 0.033539239 0.003439009 -0.006267266 0.999411881
1341846231.484245 0.032194383 -0.034898452 -0.020190274 0.032609787 0.001300968 -0.005115720 0.999454260
1341846231.484245 0.030799109 -0.034067586 -0.019583272 0.032775778 0.001485268 -0.005008735 0.999449074
1341846231.516816 0.027247893 -0.031951327 -0.021461999 0.031685833 0.002184426 -0.006044953 0.999477208
1341846231.547853 0.027277077 -0.029295202 -0.026551828 0.029984865 0.003591265 -0.007890921 0.999512792
1341846231.583898 0.036507919 -0.025538407 -0.025890082 0.027388701 0.003912596 -0.008890522 0.999577701
1341846231.615993 0.031745598 -0.031578280 -0.020517077 0.025280576 0.006623870 -0.013174220 0.999571681
1341846231.648015 0.027952578 -0.049884606 -0.007078677 0.024726022 0.006762449 -0.015218077 0.999555588
1341846231.683822 0.037312713 -0.054903217 -0.004945252 0.029468542 0.003680224 -0.015378986 0.999440670
1341846231.716153 0.046450339 -0.056830492 -0.010860631 0.035609838 0.001171858 -0.013831194 0.999269366
1341846231.747846 0.048515040 -0.040819388 -0.013715501 0.041794710 -0.000714395 -0.014677565 0.999018192
1341846231.783993 0.052405469 -0.032840848 -0.017767748 0.043540794 -0.002319868 -0.013745903 0.998954415
1341846231.817027 0.053142261 -0.031448126 -0.016257379 0.043476649 -0.002475380 -0.014047635 0.998952627
1341846231.852317 0.035679501 -0.035369951 -0.013585599 0.041957241 -0.000172489 -0.015187913 0.999003947
1341846231.909867 0.029593766 -0.036138367 -0.013110945 0.038069252 -0.001418517 -0.012400174 0.999197185
1341846231.945837 0.023622530 -0.039665606 -0.013353965 0.037598606 -0.001228473 -0.011546742 0.999225497
1341846231.978027 0.024721373 -0.039281782 -0.014992478 0.037486803 -0.001517175 -0.012209659 0.999221444
1341846232.009966 0.025188524 -0.034193274 -0.012454202 0.036694553 -0.002320622 -0.012017502 0.999251604
1341846232.045845 0.033718254 -0.037645511 -0.012516675 0.035631839 -0.005048198 -0.011749480 0.999283135
1341846232.077961 0.039865915 -0.038886450 -0.012944514 0.035937544 -0.007260845 -0.010602502 0.999271452
1341846232.109864 0.040994298 -0.030858789 -0.013123789 0.036974557 -0.007727068 -0.011107503 0.999224603
1341846232.145999 0.045317501 -0.034134045 -0.015534368 0.036065429 -0.008190647 -0.011739627 0.999246895
1341846232.178314 0.044001199 -0.040965904 -0.015573242 0.034490775 -0.007829773 -0.011415672 0.999309123
1341846232.215951 0.042137269 -0.038279746 -0.013180348 0.035556104 -0.007151951 -0.011083383 0.999280632
1341846232.252037 0.044268094 -0.029315341 -0.010129467 0.038187776 -0.007250958 -0.010293206 0.999191284
1341846232.283944 0.048943587 -0.030919360 -0.012525331 0.038350888 -0.008128457 -0.007982870 0.999199390
1341846232.319867 0.041644651 -0.038475025 -0.012630702 0.036841527 -0.006967451 -0.007525243 0.999268532
1341846232.351854 0.043131258 -0.030984864 -0.015076568 0.035876628 -0.006578579 -0.008344720 0.999299765
1341846232.383877 0.040402822 -0.037631504 -0.016763195 0.032492977 -0.006113852 -0.011003973 0.999392688
1341846232.419782 0.039346498 -0.043970667 -0.017255945 0.031112554 -0.006970834 -0.012183405 0.999417305
1341846232.451780 0.042259496 -0.039553583 -0.011801155 0.033093818 -0.007537578 -0.012190497 0.999349535
1341846232.484170 0.037676159 -0.037828121 -0.007776401 0.034470931 -0.006358257 -0.012318940 0.999309599
1341846232.519889 0.036909580 -0.036763549 -0.008029416 0.035526209 -0.006357234 -0.011554821 0.999281764
1341846232.551877 0.042887006 -0.039214469 -0.010912579 0.035380494 -0.007781163 -0.012304673 0.999267876
1341846232.583846 0.043160982 -0.046703413 -0.019120848 0.035643425 -0.007841795 -0.011879044 0.999263227
1341846232.619798 0.040690552 -0.032450791 -0.009402851 0.040138420 -0.006328155 -0.011997076 0.999102056
1341846232.651799 0.044300675 -0.032209601 -0.005948750 0.041254897 -0.006341758 -0.011971913 0.999056816
1341846232.688092 0.047864232 -0.039730843 -0.009997780 0.041664716 -0.006712487 -0.011167584 0.999046683
1341846232.719804 0.042609602 -0.041798934 -0.014802944 0.043429103 -0.005139621 -0.012542787 0.998964608
1341846232.751767 0.051544216 -0.036273733 -0.007240086 0.046500150 -0.005087400 -0.012688291 0.998824835
1341846232.787894 0.054304749 -0.039187949 -0.002671265 0.048126169 -0.004579380 -0.014257545 0.998728991
1341846232.819886 0.052260090 -0.039780769 -0.007149632 0.049884446 -0.003366953 -0.014190237 0.998648524
1341846232.855850 0.047406312 -0.038609702 -0.010546295 0.052192461 -0.002111380 -0.015210900 0.998518944
1341846232.887989 0.057787959 -0.039415963 -0.007692371 0.053703267 -0.002660804 -0.015545183 0.998432398
1341846232.919822 0.047186982 -0.042747144 -0.010115587 0.053526215 -0.000669519 -0.016525306 0.998429477
1341846232.955993 0.042885251 -0.042321462 -0.009811712 0.054538615 0.000294409 -0.015973685 0.998383880
1341846232.987965 0.057119805 -0.042079143 -0.010857855 0.054366928 -0.001209120 -0.015585924 0.998398662
1341846233.023868 0.051776249 -0.039984465 -0.011031435 0.053277127 0.001500551 -0.015911136 0.998451948
1341846233.055880 0.047620017 -0.042367261 -0.012070742 0.051743180 0.003570482 -0.017038470 0.998508751
1341846233.087872 0.049280725 -0.045487806 -0.007776512 0.050605718 0.003448145 -0.017685665 0.998556197
1341846233.124060 0.050496902 -0.054267649 -0.007972719 0.049851578 0.002530410 -0.017802900 0.998594761
1341846233.155902 0.050020851 -0.048339121 -0.005359397 0.053412884 0.001399597 -0.018462230 0.998400867
1341846233.218177 0.044169687 -0.051556241 -0.023231383 0.056816634 0.002001999 -0.021838525 0.998143792
1341846233.249926 0.050617285 -0.039527930 -0.013552330 0.057252266 0.000540170 -0.022405215 0.998108149
1341846233.286015 0.016563006 -0.042419173 -0.009550582 0.056098331 0.006349911 -0.025609294 0.998076618
1341846233.317870 0.039134972 -0.044186380 -0.006304137 0.056503646 0.004139470 -0.024019353 0.998104870
1341846233.349815 0.041055281 -0.042791843 -0.008286257 0.057554550 0.004092226 -0.023034167 0.998068213
1341846233.385857 0.052490920 -0.044230260 -0.004474442 0.057306401 0.001455068 -0.021908060 0.998115182
1341846233.417990 0.061139673 -0.047446776 -0.003458081 0.056749798 -0.000644651 -0.020752203 0.998172581
1341846233.453822 0.057364639 -0.047650665 -0.001275015 0.057729375 -0.001013979 -0.020504577 0.998121262
1341846233.485912 0.064780012 -0.052672304 0.001339328 0.058116432 -0.002900248 -0.021753885 0.998068571
1341846233.517954 0.062478416 -0.046728045 -0.003031139 0.058716055 -0.003473962 -0.023012694 0.998003423
1341846233.553882 0.046696920 -0.050068766 -0.008717420 0.058020059 -0.002200040 -0.023521798 0.998035848
1341846233.585968 0.042864494 -0.057955105 -0.009095746 0.058236256 -0.002386557 -0.023250712 0.998029232
1341846233.621898 0.043722801 -0.049437832 -0.003212474 0.060375586 -0.002042769 -0.022495259 0.997920156
1341846233.654396 0.037621457 -0.044990961 -0.005007262 0.060760498 -0.000113174 -0.023368284 0.997878850
1341846233.685848 0.037486162 -0.048092734 -0.005018347 0.059422988 0.000888641 -0.024605902 0.997929215
1341846233.721879 0.038276948 -0.044921786 -0.006648525 0.059159510 0.001127965 -0.023750426 0.997965395
1341846233.753961 0.041421518 -0.048065372 -0.006960961 0.058222424 0.001005200 -0.023321193 0.998030722
1341846233.822009 0.045702577 -0.041717857 -0.003742637 0.057714891 0.001710899 -0.021426611 0.998101711
1341846233.853971 0.046600558 -0.045429997 -0.001219091 0.056207143 0.001615061 -0.021367444 0.998189211
1341846233.889920 0.046879213 -0.044469401 -0.001388255 0.055531990 0.001342206 -0.021803508 0.998217940
1341846233.922045 0.045421675 -0.047394838 -0.000326829 0.054072835 0.000933965 -0.022653185 0.998279572
1341846233.953967 0.048320740 -0.044249721 -0.000329619 0.054312743 -0.000451704 -0.021884235 0.998284101
1341846233.989945 0.044180442 -0.044068135 0.000124521 0.053916026 -0.000902778 -0.022503695 0.998291433
1341846234.021936 0.049876563 -0.039694756 -0.001125125 0.053487305 -0.002476065 -0.021944923 0.998324335
1341846234.053904 0.047227193 -0.048365746 0.002046863 0.051732026 -0.001867846 -0.022955913 0.998395443
1341846234.089899 0.049601566 -0.044694819 0.002256936 0.052209999 -0.001559649 -0.023259684 0.998364031
1341846234.158063 0.049239092 -0.050011881 0.003001582 0.050987478 -0.001367083 -0.022550181 0.998443723
1341846234.189961 0.051115371 -0.047364302 0.002099436 0.052534487 -0.001355391 -0.022030389 0.998375177
1341846234.222130 0.058854621 -0.040814079 0.002675959 0.053051516 -0.001924305 -0.021818398 0.998351574
1341846234.257875 0.054572444 -0.043684632 0.004062995 0.051139120 -0.001009165 -0.021353580 0.998462737
1341846234.289820 0.058285981 -0.045193337 0.006251844 0.050756097 -0.000650681 -0.021438558 0.998480737
1341846234.321998 0.054973774 -0.046395767 0.005251303 0.051599510 0.000855345 -0.022603441 0.998411715
1341846234.357904 0.050476752 -0.045449480 0.006995394 0.052067079 0.001350661 -0.023753569 0.998360157
1341846234.389919 0.050134242 -0.050831448 0.007026028 0.051724285 0.000514838 -0.022249449 0.998413444
1341846234.425915 0.054011703 -0.049307287 0.007534079 0.053250793 -0.000710356 -0.021004662 0.998360038
1341846234.457800 0.054153159 -0.041885104 0.002939381 0.053853557 -0.000993289 -0.020814355 0.998331428
1341846234.490016 0.060111269 -0.038215149 0.006563898 0.051377263 -0.002435742 -0.020742383 0.998460889
1341846234.525867 0.060144644 -0.043246076 0.010359362 0.049888089 -0.002449415 -0.020128941 0.998548985
1341846234.557961 0.057952423 -0.041702256 0.007360925 0.049592465 -0.002175807 -0.019555485 0.998575747
1341846234.593900 0.056141548 -0.039028876 0.010514312 0.048418894 -0.002753661 -0.018393539 0.998654008
1341846234.658173 0.056802783 -0.043319229 0.009862574 0.046854660 -0.005037490 -0.015652489 0.998766422
1341846234.694104 0.060699478 -0.042260505 0.011359484 0.046640303 -0.006898486 -0.015355508 0.998769939
1341846234.725911 0.059506051 -0.046155889 0.012104806 0.046445347 -0.008151263 -0.013759739 0.998792887
1341846234.758643 0.061312243 -0.044048876 0.010207005 0.047740698 -0.009173499 -0.013637903 0.998724520
1341846234.793907 0.065286003 -0.038570613 0.008779025 0.047703225 -0.009785414 -0.014280304 0.998711586
1341846234.826106 0.063214287 -0.042618524 0.008238334 0.046192743 -0.009240679 -0.014449121 0.998785317
1341846234.862270 0.062919378 -0.046185687 0.012981961 0.045892388 -0.009669048 -0.014149050 0.998799384
1341846234.893971 0.056754038 -0.046479188 0.011696461 0.047078289 -0.009207842 -0.013965083 0.998751223
1341846234.926031 0.059997763 -0.045649901 0.013298620 0.047816072 -0.009778146 -0.014636638 0.998701096
1341846234.961979 0.060628925 -0.046386972 0.011753642 0.048242815 -0.009870717 -0.015863387 0.998660862
1341846234.994016 0.056483936 -0.042860419 0.010315168 0.049291752 -0.009868130 -0.016440108 0.998600364
1341846235.026311 0.057192035 -0.034209959 0.008968341 0.049163774 -0.010698981 -0.016962871 0.998589396
1341846235.061915 0.059858147 -0.039789841 0.010896249 0.046669289 -0.010889254 -0.017466208 0.998698354
1341846235.094075 0.057637662 -0.040087510 0.011659380 0.045834888 -0.010403677 -0.017571548 0.998740315
1341846235.130068 0.050841220 -0.048156504 0.010988508 0.045243196 -0.009917005 -0.017082248 0.998780727
1341846235.162449 0.053761035 -0.047904264 0.012510141 0.046383437 -0.011794220 -0.016220309 0.998722374
1341846235.193917 0.057250913 -0.046577826 0.009851288 0.047318369 -0.012830243 -0.015681185 0.998674393
1341846235.229939 0.057102833 -0.047083259 0.011039035 0.048396233 -0.012130995 -0.016834242 0.998612702
1341846235.261811 0.055622019 -0.046578731 0.011391544 0.048565056 -0.012202082 -0.017093381 0.998599231
1341846235.294134 0.060457110 -0.046046238 0.011775956 0.049727827 -0.013293182 -0.017822765 0.998515308
1341846235.329890 0.057153981 -0.047198601 0.009168347 0.049480464 -0.012748575 -0.019092530 0.998511255
1341846235.361974 0.058480069 -0.036076181 0.007335961 0.049224757 -0.012027556 -0.021297768 0.998488188
1341846235.398097 0.054105945 -0.038950264 0.010715996 0.046463273 -0.011212177 -0.022861600 0.998595476
1341846235.462163 0.058100969 -0.047146805 0.010654752 0.045519676 -0.012084245 -0.023149433 0.998622060
1341846235.498142 0.058473434 -0.037681486 0.012575665 0.045972098 -0.011985386 -0.024888949 0.998560727
1341846235.529989 0.060015425 -0.042513613 0.013735228 0.044267815 -0.012592616 -0.025596971 0.998612344
1341846235.561921 0.055844881 -0.047280353 0.012924187 0.044802818 -0.012389749 -0.026064863 0.998578906
1341846235.597951 0.056099135 -0.038150422 0.010829179 0.046531171 -0.012485016 -0.026464205 0.998488188
1341846235.630160 0.059004530 -0.039786890 0.012551857 0.045200706 -0.013473937 -0.026637686 0.998531878
1341846235.667679 0.054893672 -0.046520073 0.013526095 0.044958960 -0.013404143 -0.026078330 0.998558462
1341846235.705783 0.057019725 -0.047279824 0.012164249 0.046257265 -0.014019221 -0.026708292 0.998474061
1341846235.730392 0.056351349 -0.043566771 0.013178850 0.047096539 -0.013742284 -0.027915964 0.998405695
1341846235.766032 0.056545097 -0.047235712 0.013792478 0.047865093 -0.013902729 -0.028573941 0.998348236
1341846235.797942 0.053038020 -0.045575112 0.011213893 0.049274035 -0.013845006 -0.028388822 0.998285830
1341846235.833964 0.053436253 -0.044580221 0.011658373 0.049889933 -0.013641382 -0.028210564 0.998263061
1341846235.866037 0.054938614 -0.046905626 0.010085593 0.049577814 -0.013888190 -0.027215447 0.998302877
1341846235.898007 0.056147214 -0.046949338 0.012850918 0.050066471 -0.013924183 -0.025706280 0.998317957
1341846235.934106 0.057802100 -0.049898211 0.011286318 0.051635832 -0.013441816 -0.024583010 0.998272896
1341846235.965921 0.055465762 -0.045361839 0.010730129 0.053416729 -0.011981561 -0.024446450 0.998201132
1341846235.997897 0.062534355 -0.042251419 0.007639157 0.053379357 -0.012314402 -0.024181519 0.998205543
1341846236.034072 0.062830836 -0.047810394 0.011108028 0.053108755 -0.011407017 -0.023719132 0.998241842
1341846236.065823 0.054881547 -0.047475629 0.008405251 0.054514892 -0.009745382 -0.023843767 0.998180687
1341846236.101989 0.058478892 -0.035430916 0.007607060 0.055280507 -0.010357313 -0.024325939 0.998120785
1341846236.134258 0.061925650 -0.042781614 0.007855059 0.053562500 -0.011040113 -0.023484420 0.998227298
1341846236.166269 0.061431136 -0.042891763 0.008078773 0.054269612 -0.010973989 -0.023114832 0.998198450
1341846236.202022 0.053970288 -0.040981628 0.003630610 0.053579498 -0.009235418 -0.024527814 0.998219669
1341846236.233893 0.059339155 -0.044599120 0.005440400 0.051007077 -0.009940783 -0.024094446 0.998358190
1341846236.265924 0.058547541 -0.045040276 0.006491852 0.051052980 -0.009523526 -0.023106687 0.998383164
1341846236.302018 0.060226113 -0.046241079 0.006925797 0.051293105 -0.009602848 -0.022497566 0.998384058
1341846236.333756 0.058315251 -0.045308210 0.004224223 0.051372916 -0.009227890 -0.023637464 0.998357177
1341846236.369949 0.057191599 -0.044786282 0.005085687 0.051053964 -0.008406922 -0.023552788 0.998382747
1341846236.401964 0.056552369 -0.045983739 0.005224057 0.050730381 -0.007642439 -0.023847327 0.998398423
1341846236.433828 0.061699912 -0.047535893 0.005913861 0.050878059 -0.008205524 -0.024367752 0.998373866
1341846236.469948 0.060713507 -0.043916069 0.007767311 0.052357081 -0.007586788 -0.024396852 0.998301566
1341846236.501946 0.061677545 -0.040847372 0.003769412 0.053324863 -0.006954124 -0.023890113 0.998267233
1341846236.534764 0.066663928 -0.036127862 0.002208341 0.052786112 -0.007063469 -0.022187278 0.998334348
1341846236.569956 0.062702216 -0.047386691 0.004662672 0.050875645 -0.005925678 -0.020283617 0.998481452
1341846236.601901 0.062101811 -0.041754361 0.006340973 0.052648593 -0.005557889 -0.019420702 0.998408794
1341846236.637896 0.069423079 -0.038675833 -0.006991968 0.052177120 -0.005980597 -0.020033104 0.998418987
1341846236.669818 0.067940764 -0.043793440 -0.004709993 0.049192652 -0.004778248 -0.020948421 0.998558164
1341846236.702100 0.073704436 -0.054199573 -0.001787572 0.047793053 -0.004275816 -0.021330323 0.998620331
1341846236.738521 0.075071409 -0.072152868 -0.004064889 0.050855659 -0.003828910 -0.017746113 0.998540998
1341846236.769905 0.074484512 -0.065076604 -0.002610713 0.061006080 -0.004989404 -0.015481615 0.998004854
1341846236.805999 0.069625720 -0.051675580 -0.002964016 0.065008730 -0.005589348 -0.016079383 0.997739553
1341846236.844067 0.074834056 -0.049136329 -0.006882926 0.065045461 -0.006021548 -0.016736673 0.997723818
1341846236.844067 0.074866511 -0.048528150 -0.005622153 0.065139830 -0.006041872 -0.016792573 0.997716606
1341846236.876573 0.074123241 -0.043666482 -0.006397130 0.064672887 -0.005490818 -0.019175794 0.997707188
1341846236.911899 0.065786414 -0.044997342 -0.007346964 0.061246909 -0.004392447 -0.020856099 0.997895122
1341846236.944484 0.067021608 -0.057406630 -0.003281342 0.059830695 -0.004878249 -0.019873293 0.997998834
1341846236.975811 0.069018438 -0.054933544 -0.006843177 0.061970118 -0.005171837 -0.018190799 0.997898877
1341846237.011848 0.074934654 -0.047098458 -0.006083607 0.062417176 -0.005395890 -0.018635340 0.997861564
1341846237.043850 0.069904499 -0.051405836 -0.007533163 0.061055403 -0.003383988 -0.020036630 0.997927606
1341846237.075882 0.069806047 -0.057469703 -0.004791574 0.061180770 -0.003715225 -0.017970704 0.997958064
1341846237.111887 0.072357029 -0.060318023 -0.007510609 0.063646749 -0.005203816 -0.016348137 0.997825027
1341846237.143863 0.072753668 -0.055684764 -0.009605031 0.066511691 -0.005566329 -0.016326457 0.997636557
1341846237.175838 0.069850445 -0.051565420 -0.010532755 0.066310264 -0.005441777 -0.016084896 0.997654557
1341846237.211847 0.072252214 -0.050217379 -0.007487466 0.064417347 -0.005538246 -0.015586531 0.997785985
1341846237.243895 0.072497830 -0.058705088 -0.006495625 0.064146750 -0.004495771 -0.015525066 0.997809589
1341846237.280228 0.067877248 -0.054926224 -0.010003830 0.065863162 -0.003669896 -0.014317472 0.997719228
1341846237.312079 0.069199823 -0.054240353 -0.008843836 0.065330058 -0.004787125 -0.013704770 0.997758210
1341846237.343828 0.071675919 -0.055420998 -0.009885997 0.065639801 -0.005157201 -0.012379696 0.997753263
1341846237.379983 0.069532163 -0.049122363 -0.009938550 0.066095889 -0.004439238 -0.012114527 0.997729897
1341846237.411962 0.067701034 -0.049912736 -0.008965094 0.064224742 -0.004294404 -0.012494443 0.997848034
1341846237.443790 0.070926555 -0.049018372 -0.008448512 0.062601946 -0.004770022 -0.013917880 0.997930110
1341846237.479911 0.067802191 -0.047969162 -0.011075331 0.061523009 -0.003237285 -0.016643932 0.997961640
1341846237.511862 0.063302457 -0.048097707 -0.009601835 0.059785459 -0.002953908 -0.016931536 0.998063326
1341846237.547914 0.062006198 -0.048060406 -0.007883798 0.058408853 -0.004769745 -0.016618699 0.998143077
1341846237.579956 0.064816847 -0.048443973 -0.005667906 0.057697654 -0.005896033 -0.015528357 0.998195946
1341846237.611852 0.062469188 -0.047904249 -0.008552529 0.057139937 -0.005871767 -0.015272948 0.998232126
1341846237.647976 0.065960519 -0.048040301 -0.008140758 0.056625705 -0.007009370 -0.014935528 0.998259187
1341846237.680417 0.062579952 -0.048854128 -0.007376103 0.056243908 -0.007230284 -0.014124904 0.998290956
1341846237.711902 0.060027059 -0.050051432 -0.007220225 0.056581337 -0.007735585 -0.013056911 0.998282671
1341846237.747860 0.061215952 -0.048360467 -0.007092524 0.058452100 -0.008270726 -0.013731958 0.998161554
1341846237.779848 0.059783857 -0.048659492 -0.010400024 0.058793962 -0.008367881 -0.013468222 0.998144269
1341846237.815934 0.057914041 -0.041698180 -0.009962526 0.058508612 -0.009173569 -0.012575543 0.998165607
1341846237.847966 0.059635941 -0.044726711 -0.007474444 0.056615386 -0.010601065 -0.011662664 0.998271704
1341846237.879781 0.061549496 -0.045025170 -0.011170697 0.055991922 -0.011175139 -0.011989800 0.998296678
1341846237.916026 0.059742529 -0.043636624 -0.011671104 0.054900020 -0.011294779 -0.012333433 0.998351812
1341846237.978064 0.062899701 -0.046261735 -0.007753024 0.053797968 -0.011880185 -0.012263369 0.998405874
1341846238.010069 0.059172224 -0.041188776 -0.009763820 0.053598877 -0.011256507 -0.012886461 0.998416007
1341846238.045995 0.061968282 -0.040923458 -0.010316633 0.052207205 -0.011751302 -0.012658977 0.998486936
1341846238.077963 0.057158001 -0.043692935 -0.007495456 0.050679743 -0.011108040 -0.012936378 0.998569429
1341846238.109791 0.061157253 -0.044243008 -0.006642151 0.050768733 -0.011574864 -0.012959135 0.998559296
1341846238.145837 0.064218946 -0.052417617 -0.008223410 0.050898720 -0.011803326 -0.012926639 0.998550415
1341846238.177943 0.062818713 -0.044859871 -0.010190158 0.052495364 -0.010831418 -0.013823108 0.998466790
1341846238.209943 0.063990414 -0.043541301 -0.008520992 0.050724853 -0.010835147 -0.015029352 0.998540759
1341846238.246227 0.060536329 -0.043728895 -0.005005554 0.050491709 -0.010150669 -0.014907192 0.998561680
1341846238.278227 0.060669586 -0.046709187 -0.005457484 0.050590083 -0.010092968 -0.014908046 0.998557210
1341846238.345918 0.063477367 -0.046824127 -0.006734245 0.050297972 -0.009493357 -0.017510334 0.998535693
1341846238.377978 0.060051132 -0.048865143 -0.007969533 0.051165190 -0.009280292 -0.016601743 0.998509109
1341846238.413879 0.057891272 -0.049536537 -0.005090058 0.052163761 -0.009792709 -0.016583122 0.998452902
1341846238.445979 0.060983196 -0.045922700 -0.008073604 0.052919831 -0.010162235 -0.017692093 0.998390317
1341846238.478188 0.061807781 -0.046149813 -0.007510054 0.052305419 -0.009970103 -0.018552940 0.998409033
1341846238.515328 0.060274698 -0.052003071 -0.005759438 0.052084420 -0.009929792 -0.018708326 0.998418093
1341846238.545906 0.060446721 -0.050639488 -0.005605052 0.053439058 -0.010671215 -0.018720195 0.998338640
1341846238.587827 0.060988363 -0.048915997 -0.006059573 0.054293547 -0.010428413 -0.019287860 0.998284280
1341846238.645944 0.060314074 -0.039944954 -0.004559232 0.053961944 -0.009393250 -0.019779116 0.998302937
1341846238.681933 0.060277358 -0.049840413 -0.005916851 0.051844288 -0.009656428 -0.018980570 0.998428166
1341846238.713917 0.058993597 -0.051043466 -0.006397738 0.052491266 -0.009500145 -0.017766805 0.998418152
1341846238.745925 0.058343634 -0.046013970 -0.007883082 0.053957403 -0.009458559 -0.017200906 0.998350263
1341846238.781932 0.059127383 -0.044169445 -0.006267403 0.053080600 -0.010090354 -0.017487733 0.998386145
1341846238.813869 0.062635437 -0.042419795 -0.005877198 0.052292842 -0.010151217 -0.018301278 0.998412549
1341846238.849931 0.060740765 -0.048496749 -0.003690579 0.050227053 -0.009417709 -0.018641196 0.998519421
1341846238.881927 0.059282862 -0.054582722 -0.003757886 0.050080191 -0.010209938 -0.017876070 0.998533070
1341846238.914000 0.058055617 -0.062636040 -0.004964279 0.051510364 -0.012085414 -0.015421735 0.998480260
1341846238.949903 0.063980728 -0.061646633 -0.002690597 0.055397734 -0.014284810 -0.014258291 0.998260438
1341846239.017941 0.064989805 -0.050663080 -0.005887423 0.059272211 -0.014257557 -0.017915841 0.997979224
1341846239.050041 0.059752945 -0.050119840 -0.005229662 0.059455492 -0.012891366 -0.019664953 0.997954011
1341846239.081902 0.059370972 -0.048679885 -0.004801570 0.060258612 -0.013040045 -0.020922713 0.997878313
1341846239.117866 0.065505862 -0.052864309 -0.004873041 0.060429927 -0.013708300 -0.021576164 0.997845054
1341846239.149976 0.060083371 -0.046657436 -0.003107159 0.061794650 -0.012151630 -0.022178274 0.997768521
1341846239.181897 0.058691565 -0.044312242 -0.005002275 0.061154891 -0.011746612 -0.022041505 0.997815788
1341846239.217929 0.058718655 -0.043647531 -0.005326014 0.059302256 -0.012110155 -0.022516388 0.997912645
1341846239.250009 0.064168163 -0.043879673 -0.003902353 0.058062028 -0.012282027 -0.022012336 0.997994721
1341846239.285917 0.062421754 -0.047342591 -0.001737553 0.056642439 -0.011269366 -0.022264717 0.998082638
1341846239.318442 0.060113870 -0.040972050 -0.002166202 0.056193598 -0.010397205 -0.022276176 0.998117268
1341846239.349930 0.060900483 -0.044052694 -0.001330382 0.054252092 -0.010020119 -0.021397794 0.998247743
1341846239.386011 0.061678145 -0.047914058 -0.001166122 0.053779203 -0.009581613 -0.020473093 0.998297036
1341846239.417983 0.059448533 -0.047418375 -0.004104135 0.053963270 -0.009373047 -0.020211743 0.998294413
1341846239.450112 0.061583240 -0.043350022 -0.002915221 0.053698186 -0.009707515 -0.020283109 0.998304069
1341846239.485973 0.060321134 -0.041239318 -0.002477540 0.052873384 -0.009302886 -0.019825159 0.998361111
1341846239.517913 0.064158000 -0.042030130 -0.000231223 0.051683068 -0.009465392 -0.018880639 0.998440206
1341846239.553979 0.064798348 -0.041186586 -0.001528346 0.050814267 -0.009464620 -0.018469112 0.998492479
1341846239.585911 0.064664878 -0.043075968 0.000277770 0.049558230 -0.009404537 -0.018067194 0.998563528
1341846239.617967 0.059806108 -0.046228196 0.002268650 0.049296774 -0.008553065 -0.017030194 0.998602390
1341846239.653941 0.060856212 -0.045822684 0.000540454 0.050379325 -0.008908432 -0.016736032 0.998550236
1341846239.685852 0.064378887 -0.043982476 0.001107403 0.050676554 -0.009640834 -0.015931493 0.998541534
1341846239.717923 0.061826885 -0.041749682 -0.000159507 0.050651066 -0.009759674 -0.015414365 0.998549819
1341846239.753857 0.063123763 -0.047450088 -0.000112853 0.049903985 -0.009997699 -0.015551446 0.998582959
1341846239.785918 0.060981147 -0.041120805 -0.001734500 0.050025914 -0.009826313 -0.015241226 0.998583317
1341846239.821950 0.061365534 -0.049502987 0.002151476 0.048634939 -0.010725128 -0.014909477 0.998647749
1341846239.854023 0.060635511 -0.048017643 0.000291115 0.050237540 -0.010775826 -0.014558256 0.998573065
1341846239.891801 0.060837749 -0.039573327 -0.000378776 0.051105764 -0.010879569 -0.015298551 0.998516798
1341846239.953963 0.058561858 -0.043697994 0.001806663 0.049930602 -0.010316615 -0.015838146 0.998573840
1341846239.985997 0.057051573 -0.043546636 0.000118003 0.050458226 -0.010456488 -0.016195634 0.998540103
1341846240.022055 0.059348166 -0.043338440 0.001510517 0.050435431 -0.011325382 -0.017786363 0.998504758
1341846240.053998 0.062927723 -0.047042277 0.002320253 0.050595064 -0.011473875 -0.017919352 0.998492599
1341846240.089841 0.060960703 -0.047590803 0.000535885 0.051652640 -0.011358043 -0.018239627 0.998434007
1341846240.121795 0.056612477 -0.046925228 0.003076955 0.052456252 -0.011252137 -0.019112648 0.998376906
1341846240.159862 0.063797183 -0.050346110 0.000527464 0.053717528 -0.011892249 -0.019640801 0.998292208
1341846240.159862 0.060823500 -0.050306201 0.000324669 0.053638808 -0.011479450 -0.020799765 0.998277783
1341846240.195884 0.057778440 -0.044179197 -0.003633701 0.055341966 -0.010392140 -0.021729659 0.998176932
1341846240.227927 0.054613076 -0.045734365 -0.004113270 0.055077706 -0.010223845 -0.021301985 0.998202503
1341846240.290031 0.053212993 -0.051605705 0.002597899 0.055545885 -0.010425294 -0.019985534 0.998201668
1341846240.322206 0.054283686 -0.044407800 -0.000444835 0.056173708 -0.010997175 -0.019613339 0.998167813
1341846240.357948 0.054221772 -0.042481083 0.000883058 0.055517334 -0.011621756 -0.018784633 0.998213351
1341846240.422212 0.051369932 -0.050158378 0.001575669 0.056894030 -0.011163780 -0.020159561 0.998114228
1341846240.458143 0.052996196 -0.047420435 -0.000322734 0.057516884 -0.011779278 -0.020831252 0.998057663
1341846240.490243 0.047190040 -0.044854760 0.001997299 0.057543047 -0.011885729 -0.020535532 0.998061121
1341846240.525976 0.049108382 -0.050026424 0.003372673 0.057722453 -0.012781637 -0.022052249 0.998007238
1341846240.557894 0.055977151 -0.052939232 0.000136877 0.058453605 -0.013971376 -0.022840891 0.997931004
1341846240.590418 0.057751864 -0.052855331 -0.000757296 0.058740601 -0.014545655 -0.023055308 0.997901022
1341846240.626172 0.050843235 -0.048135657 0.001458105 0.059718929 -0.014081940 -0.023560595 0.997837842
1341846240.657964 0.045222517 -0.052407283 0.001685600 0.059442841 -0.013753786 -0.023833083 0.997852385
1341846240.689825 0.048597336 -0.046144355 0.000235620 0.061524775 -0.014342997 -0.024144042 0.997710466
1341846240.725903 0.048700724 -0.045278486 -0.002605634 0.061362583 -0.014688193 -0.023545161 0.997729719
1341846240.757973 0.043852594 -0.050468914 0.000474490 0.060908381 -0.014360913 -0.024513148 0.997738957
1341846240.794024 0.045544438 -0.055125281 0.001789635 0.061595581 -0.014886064 -0.023910785 0.997703731
1341846240.826068 0.054648120 -0.050806742 -0.003453067 0.063000076 -0.015998064 -0.024419060 0.997586489
1341846240.858147 0.052795220 -0.045342214 -0.004791529 0.062870361 -0.015470203 -0.024911907 0.997590840
1341846240.894038 0.052040350 -0.045576349 -0.006166405 0.061618611 -0.015373193 -0.024533961 0.997679830
1341846240.925975 0.051503688 -0.045484297 -0.004844167 0.061504032 -0.015288858 -0.024328746 0.997693181
1341846240.958080 0.053045399 -0.047021862 -0.005906639 0.060798034 -0.015699781 -0.024005271 0.997737944
1341846240.994099 0.055909436 -0.048945040 -0.004784155 0.060120050 -0.016197667 -0.024503907 0.997758925
1341846241.026041 0.052953485 -0.049527969 -0.001995020 0.061302487 -0.015796578 -0.023355318 0.997720957
1341846241.062449 0.055274218 -0.047519356 -0.005063661 0.062165949 -0.015865557 -0.025265306 0.997619867
1341846241.094372 0.053102069 -0.046514459 -0.007197447 0.060785506 -0.015473501 -0.025682736 0.997700393
1341846241.126068 0.051142853 -0.053757854 -0.007659056 0.059307668 -0.015326249 -0.025506118 0.997796178
1341846241.167863 0.052360032 -0.052213881 -0.004526044 0.060783859 -0.015136384 -0.026318057 0.997689188
1341846241.230127 0.053786822 -0.049590245 -0.006193290 0.060813319 -0.015321222 -0.027417857 0.997654915
1341846241.261868 0.037107728 -0.053973898 -0.015516610 0.060378075 -0.013312158 -0.028499711 0.997679889
1341846241.295211 0.052350167 -0.048104841 -0.006342718 0.061711747 -0.015428921 -0.028227575 0.997575462
1341846241.329804 0.037130401 -0.047768865 -0.020376081 0.060614184 -0.013599486 -0.029795600 0.997623801
1341846241.362000 0.053285379 -0.042008415 -0.005702661 0.061417241 -0.015047678 -0.028776817 0.997583807
1341846241.394012 0.051433150 -0.046306096 -0.004700821 0.060993765 -0.014945719 -0.029247558 0.997597575
1341846241.430126 0.047208957 -0.045823809 -0.006876597 0.061263021 -0.014514395 -0.029957958 0.997566402
1341846241.462018 0.051784214 -0.045114230 -0.007097454 0.061546359 -0.014983008 -0.029531172 0.997554779
1341846241.497907 0.058099266 -0.044678405 -0.004405931 0.061648425 -0.015682518 -0.029974677 0.997524500
1341846241.529930 0.018636538 -0.045545679 -0.000789021 0.061055668 -0.009926485 -0.029997254 0.997634113
1341846241.562493 0.047648806 -0.045641731 -0.005530055 0.060671184 -0.014623751 -0.030530734 0.997583628
1341846241.598412 0.049950570 -0.046231903 -0.003685819 0.060999818 -0.014884423 -0.030318642 0.997566164
1341846241.629998 0.048587784 -0.045322873 -0.006344160 0.061141230 -0.014582040 -0.030059068 0.997569859
1341846241.662234 0.061131902 -0.047229789 -0.003136964 0.061310291 -0.016299760 -0.029644163 0.997545302
1341846241.698098 0.048337534 -0.044225659 -0.005988750 0.061690308 -0.014326871 -0.030198501 0.997535527
1341846241.729805 0.050695386 -0.045520648 -0.004366006 0.061431319 -0.014684471 -0.029713461 0.997560918
1341846241.765805 0.088378556 -0.042515263 -0.001285145 0.062472813 -0.020077791 -0.029751195 0.997401118
1341846241.797970 0.091902666 -0.039577905 0.000832596 0.063616581 -0.020436456 -0.030147826 0.997309625
1341846241.830240 0.061424684 -0.044945665 -0.005659107 0.062273514 -0.016028237 -0.031082498 0.997446299
1341846241.865867 0.055904035 -0.041859183 -0.005154995 0.062558040 -0.015451930 -0.031254798 0.997432172
1341846241.898156 0.050196726 -0.044815898 -0.009348897 0.062088769 -0.014533392 -0.030563673 0.997496665
1341846241.929917 0.048361421 -0.047597662 -0.007439591 0.062777363 -0.014058164 -0.031274702 0.997438371
1341846241.965882 0.053384274 -0.044680860 -0.007230026 0.062849954 -0.014631720 -0.032054063 0.997400880
1341846241.998017 0.046712026 -0.045058090 -0.007333413 0.062327936 -0.014003285 -0.031163169 0.997470796
1341846242.034019 0.052407008 -0.043665815 -0.008858443 0.062768422 -0.014562681 -0.030202525 0.997464716
1341846242.066365 0.051132169 -0.048698537 -0.005357646 0.062895603 -0.014425302 -0.031031774 0.997433245
1341846242.097916 0.049513813 -0.046791948 -0.001405556 0.064255953 -0.014203620 -0.030669507 0.997360945
1341846242.133980 0.051057525 -0.050903987 -0.011382170 0.064560160 -0.014107442 -0.030514868 0.997347414
1341846242.165895 0.048726823 -0.044589669 -0.006800239 0.065769769 -0.013865864 -0.030308388 0.997278035
1341846242.197924 0.050343830 -0.048451301 -0.006525670 0.065787062 -0.013910030 -0.031126508 0.997251093
1341846242.234487 0.049081456 -0.052395068 -0.006976523 0.066587083 -0.013884797 -0.030713087 0.997211218
1341846242.269588 0.068010949 -0.050941974 -0.030527418 0.067321971 -0.014910096 -0.030877477 0.997141957
1341846242.301972 0.047077216 -0.046724923 -0.008597811 0.067644775 -0.013262547 -0.030980216 0.997140169
1341846242.333996 0.045502603 -0.052241657 -0.002678110 0.067428835 -0.012945018 -0.031411882 0.997145474
1341846242.366000 0.048712570 -0.046006758 -0.007725077 0.068633415 -0.013115617 -0.030441485 0.997091174
1341846242.401903 0.046944831 -0.044386540 -0.004877588 0.068890363 -0.013291629 -0.030537769 0.997068167
1341846242.433933 0.053495351 -0.047031105 -0.010912693 0.068534434 -0.013661314 -0.031225475 0.997066438
1341846242.469883 0.052667078 -0.051877562 -0.013275872 0.069235511 -0.013102974 -0.031224728 0.997025490
1341846242.501972 0.050056133 -0.048938222 -0.015053763 0.069996588 -0.012788698 -0.031794038 0.996958435
1341846242.534063 0.052235432 -0.044513356 -0.012495096 0.069775514 -0.013277470 -0.032228880 0.996953547
1341846242.569931 0.052795686 -0.049230732 -0.014783830 0.069070011 -0.012969309 -0.032312866 0.997004032
1341846242.602000 0.052007399 -0.045320850 -0.014662602 0.069551207 -0.012681097 -0.031999063 0.996984422
1341846242.634077 0.054945946 -0.042145349 -0.013518048 0.069092244 -0.013010140 -0.031887714 0.997015655
1341846242.670215 0.056184553 -0.045400511 -0.014845409 0.068145841 -0.013114230 -0.031745162 0.997083962
1341846242.701929 0.053812951 -0.042620189 -0.015430341 0.068171307 -0.012706683 -0.032063074 0.997077346
1341846242.737996 0.051674575 -0.044600293 -0.014730713 0.067563601 -0.012975272 -0.032034259 0.997116148
1341846242.769937 0.054613493 -0.046602063 -0.015247262 0.067913830 -0.013564278 -0.032227177 0.997078300
1341846242.808080 0.055240046 -0.046269022 -0.017825332 0.068393297 -0.013519237 -0.032701485 0.997030735
1341846242.869936 0.052649166 -0.044160195 -0.017387679 0.067135371 -0.013389209 -0.033642840 0.997086644
1341846242.902131 0.051513702 -0.047130771 -0.019440282 0.066560648 -0.013114462 -0.033885494 0.997120678
1341846242.938061 0.049135752 -0.050548855 -0.023040429 0.066776566 -0.013121895 -0.033711448 0.997111976
1341846242.969969 0.049807213 -0.049638033 -0.017053055 0.067814276 -0.013829202 -0.034114450 0.997018635
1341846243.005810 0.047424536 -0.043132640 -0.017148567 0.069414325 -0.013576210 -0.034395628 0.996902347
1341846243.038095 0.048109401 -0.042243887 -0.018974982 0.069065563 -0.014448022 -0.033732101 0.996937037
1341846243.070041 0.050136164 -0.040333264 -0.022413924 0.068529733 -0.014997192 -0.033940855 0.996958852
1341846243.106059 0.051171977 -0.043670189 -0.019908680 0.066767305 -0.015262499 -0.035025414 0.997036815
1341846243.137899 0.051158518 -0.044705547 -0.018381124 0.067002580 -0.014934579 -0.034347776 0.997049570
1341846243.169985 0.049202710 -0.045458816 -0.021425325 0.067079574 -0.014956824 -0.033947423 0.997057796
1341846243.206007 0.048678208 -0.045318674 -0.024893392 0.066722855 -0.014871627 -0.034525335 0.997063160
1341846243.237999 0.053983353 -0.039371725 -0.021862239 0.066873170 -0.014814446 -0.035346460 0.997025192
1341846243.274026 0.053120803 -0.046883717 -0.022572128 0.065595135 -0.014347317 -0.035730347 0.997103214
1341846243.305879 0.052324072 -0.047609586 -0.021403797 0.066143550 -0.014174926 -0.036148403 0.997054398
1341846243.338022 0.054704554 -0.045944884 -0.021040652 0.067431465 -0.014370060 -0.036198996 0.996963501
1341846243.374348 0.052144680 -0.042168308 -0.020336824 0.068851940 -0.014061484 -0.036032781 0.996876836
1341846243.405837 0.052322719 -0.045286734 -0.023225730 0.068695799 -0.014725368 -0.035624426 0.996892691
1341846243.442193 0.054398730 -0.041840393 -0.024395926 0.069399729 -0.015269262 -0.035686757 0.996833503
1341846243.473902 0.056029681 -0.045186296 -0.021961462 0.069209032 -0.015357890 -0.035773102 0.996842325
1341846243.505839 0.052221823 -0.042443313 -0.023542596 0.069517300 -0.015160226 -0.035606276 0.996829808
1341846243.542001 0.055930648 -0.043100946 -0.024459142 0.069113865 -0.015818106 -0.035900149 0.996837139
1341846243.574058 0.056471221 -0.041094061 -0.024930835 0.069322847 -0.015480900 -0.035641745 0.996837199
1341846243.605841 0.056037441 -0.045022968 -0.021458242 0.069186941 -0.014876536 -0.035383943 0.996865034
1341846243.642015 0.052391320 -0.042698264 -0.025935894 0.069996387 -0.014219033 -0.035271205 0.996822178
1341846243.673926 0.054197401 -0.042433225 -0.025054766 0.069821000 -0.014523928 -0.035423394 0.996824682
1341846243.710095 0.052713148 -0.044808421 -0.024186617 0.069785126 -0.013961725 -0.035512161 0.996832013
1341846243.741951 0.052261531 -0.039679416 -0.024289310 0.070582695 -0.014237793 -0.035691556 0.996765494
1341846243.774067 0.054271996 -0.042353600 -0.026242815 0.069399178 -0.014725329 -0.036149077 0.996825039
1341846243.809881 0.055309273 -0.043664083 -0.023080137 0.069110617 -0.014354195 -0.036237579 0.996847272
1341846243.841971 0.052046362 -0.043319535 -0.017681906 0.069711313 -0.014021801 -0.035263762 0.996845126
1341846243.874062 0.055121098 -0.045913275 -0.020454220 0.069960974 -0.015079156 -0.034758970 0.996829927
1341846243.910022 0.054963231 -0.049788199 -0.022880670 0.070133790 -0.015096394 -0.035199702 0.996802032
1341846243.978045 0.054771345 -0.038894918 -0.024337502 0.071421109 -0.013628953 -0.035838827 0.996709049
1341846244.009892 0.054365236 -0.044366647 -0.022279190 0.069683179 -0.013413073 -0.035837624 0.996835053
1341846244.042105 0.056028623 -0.048908751 -0.019698342 0.070181504 -0.013262130 -0.034633268 0.996844649
1341846244.077884 0.054679263 -0.044716772 -0.022986179 0.071418494 -0.013050105 -0.033906471 0.996784568
1341846244.115904 0.054806560 -0.041350581 -0.023572497 0.071280725 -0.013238071 -0.034064099 0.996786594
1341846244.115904 0.055390731 -0.041734133 -0.023810746 0.071228422 -0.013304176 -0.034068409 0.996789336
1341846244.151850 0.055038977 -0.047273982 -0.022609869 0.069819607 -0.013110098 -0.033736505 0.996902823
1341846244.184334 0.056296386 -0.050422221 -0.021324495 0.070439205 -0.013049965 -0.032943428 0.996886551
1341846244.215953 0.057161286 -0.043035060 -0.024315653 0.071434394 -0.013098170 -0.032900032 0.996816516
1341846244.251877 0.054392923 -0.046285111 -0.023048513 0.070107102 -0.012799310 -0.033291433 0.996901631
1341846244.283880 0.054956175 -0.047889300 -0.022544986 0.070724890 -0.012977960 -0.032990523 0.996865749
1341846244.316068 0.052867983 -0.044127457 -0.023825776 0.071846366 -0.012880854 -0.033418365 0.996772528
1341846244.351999 0.052354489 -0.042647239 -0.023532866 0.071832888 -0.013176421 -0.033289880 0.996773958
1341846244.384040 0.053355094 -0.045692630 -0.022283731 0.071792841 -0.013862900 -0.032631781 0.996789277
1341846244.419869 0.054629672 -0.043365140 -0.024878979 0.072380908 -0.014147413 -0.032422241 0.996749580
1341846244.451888 0.057706699 -0.037871629 -0.023862468 0.072451279 -0.013923946 -0.032908786 0.996731699
1341846244.483871 0.059930172 -0.040783741 -0.022614663 0.071074903 -0.013486669 -0.033109080 0.996830106
1341846244.519923 0.058069270 -0.048066217 -0.021767549 0.070196025 -0.012643913 -0.032726787 0.996916115
1341846244.551942 0.062464744 -0.049563438 -0.024142984 0.071173169 -0.012327608 -0.031831197 0.996879756
1341846244.583892 0.059909627 -0.045749441 -0.023972364 0.072106369 -0.011297308 -0.030480320 0.996867120
1341846244.619870 0.063322559 -0.046600357 -0.024203392 0.071902238 -0.011666752 -0.028111126 0.996947229
1341846244.651850 0.063191429 -0.051616319 -0.022596214 0.071786173 -0.011522702 -0.027167862 0.996983409
1341846244.683815 0.065222211 -0.050943460 -0.022374295 0.072801501 -0.011682305 -0.026082877 0.996936917
1341846244.719873 0.069848560 -0.045667648 -0.022296941 0.073461436 -0.011780877 -0.025736621 0.996896327
1341846244.751827 0.068911001 -0.051822510 -0.022133548 0.072180256 -0.010907670 -0.026211729 0.996987462
1341846244.788300 0.069248594 -0.053445905 -0.020124055 0.072871767 -0.010501669 -0.026485706 0.996934295
1341846244.820099 0.066043340 -0.054387696 -0.020755902 0.073438630 -0.009277707 -0.027129047 0.996887505
1341846244.851973 0.071202412 -0.061671853 -0.019018933 0.074343100 -0.009085555 -0.026759814 0.996832311
1341846244.887873 0.077738136 -0.056350492 -0.023417652 0.076744810 -0.008599711 -0.026233675 0.996668518
1341846244.920072 0.077811904 -0.056491267 -0.023519831 0.076965556 -0.007362720 -0.026214363 0.996661961
1341846244.952621 0.077657953 -0.058533072 -0.022468265 0.077482723 -0.006489514 -0.025720160 0.996640801
1341846244.987985 0.079165109 -0.054594647 -0.020939017 0.078696623 -0.006272006 -0.024145201 0.996586442
1341846245.020060 0.079558954 -0.048859965 -0.020602969 0.078555748 -0.006097001 -0.023114942 0.996623099
1341846245.051869 0.082083449 -0.046128716 -0.018203592 0.077291504 -0.005492672 -0.024443071 0.996693790
1341846245.088236 0.078846499 -0.046059433 -0.016575903 0.076151252 -0.004302531 -0.024667913 0.996781826
1341846245.119935 0.077928573 -0.055554051 -0.021507647 0.074517049 -0.003978005 -0.024229739 0.996917427
1341846245.151835 0.078029282 -0.055452060 -0.021243053 0.074702591 -0.003800094 -0.025118478 0.996882260
1341846245.187889 0.077590257 -0.057688702 -0.019467205 0.075333849 -0.003613985 -0.025381038 0.996828735
1341846245.219842 0.080928072 -0.048083287 -0.018744392 0.076601878 -0.004170944 -0.024487706 0.996752322
1341846245.256030 0.079802290 -0.048371829 -0.015437895 0.075755887 -0.003547700 -0.025158949 0.996802628
1341846245.287962 0.080605395 -0.050022829 -0.016122868 0.075310864 -0.003326704 -0.025639471 0.996824861
1341846245.319885 0.078556992 -0.050768111 -0.012848156 0.075267732 -0.002945783 -0.026668567 0.996802330
1341846245.355859 0.077222973 -0.047804866 -0.013232228 0.075518019 -0.003218679 -0.026801309 0.996779025
1341846245.387919 0.078614831 -0.052316103 -0.014026822 0.074819997 -0.003740693 -0.027253661 0.996817529
1341846245.423977 0.079640962 -0.052198298 -0.014407022 0.075154223 -0.003723854 -0.027938124 0.996773481
1341846245.455822 0.075679809 -0.054163475 -0.017409677 0.075309061 -0.002982016 -0.028711518 0.996742427
1341846245.487804 0.072857767 -0.053722899 -0.015665324 0.076001033 -0.003051312 -0.028438510 0.996697485
1341846245.523916 0.073754750 -0.050594956 -0.016506346 0.076244727 -0.002886564 -0.029282987 0.996654868
1341846245.555797 0.075416841 -0.055316925 -0.017282670 0.075736254 -0.003157959 -0.028373424 0.996719122
1341846245.591988 0.072672501 -0.058782537 -0.016308332 0.076011591 -0.002876519 -0.028200600 0.996703923
1341846245.623837 0.070900589 -0.058291536 -0.015651545 0.077383004 -0.003053082 -0.027203264 0.996625662
1341846245.655890 0.071635276 -0.051815197 -0.015056256 0.078434289 -0.002937856 -0.027154669 0.996545136
1341846245.692060 0.074346036 -0.049404588 -0.012606592 0.078124501 -0.002438050 -0.028339405 0.996537745
1341846245.724517 0.069592506 -0.056055285 -0.013926754 0.077442296 -0.001621057 -0.028215857 0.996596217
1341846245.760068 0.070733733 -0.059569020 -0.016151180 0.078205042 -0.001726277 -0.027474092 0.996557176
1341846245.791914 0.068284258 -0.054706275 -0.011939036 0.079137035 -0.001142013 -0.027659610 0.996479273
1341846245.824142 0.072670668 -0.054763578 -0.017466927 0.078655489 -0.000908913 -0.026908705 0.996538222
1341846245.860005 0.067542531 -0.050922196 -0.018026240 0.078640565 0.000157654 -0.026872128 0.996540844
1341846245.891878 0.068479687 -0.053778298 -0.018634310 0.077323526 0.000202918 -0.027168542 0.996635795
1341846245.927903 0.070457630 -0.057759676 -0.016838627 0.077233702 0.000750830 -0.027718790 0.996627390
1341846245.986182 0.064575709 -0.054314010 -0.014109769 0.078546017 0.001400686 -0.027381359 0.996533394
1341846246.022057 0.067120336 -0.058255199 -0.015857644 0.078694552 0.000823087 -0.027447589 0.996520519
1341846246.053871 0.064056210 -0.063167840 -0.021019358 0.079134509 0.001006267 -0.027351648 0.996488154
1341846246.085916 0.060716070 -0.063043468 -0.020139351 0.080656514 0.000412158 -0.026300531 0.996394813
1341846246.121806 0.059582137 -0.062249973 -0.019129450 0.081557937 -0.000685278 -0.026742477 0.996309578
1341846246.153949 0.062064685 -0.065165952 -0.018762166 0.081950568 -0.001163463 -0.028477183 0.996228755
1341846246.222002 0.058398794 -0.055312995 -0.022023134 0.083347313 -0.000487460 -0.030881880 0.996041834
1341846246.253984 0.057067662 -0.062157921 -0.023231396 0.082438350 -0.000456281 -0.033016924 0.996049047
1341846246.289808 0.061857872 -0.058422178 -0.018186804 0.084209561 -0.000653556 -0.033308923 0.995890975
1341846246.322001 0.063447118 -0.048996340 -0.016403740 0.084839679 0.000352414 -0.034150653 0.995809138
1341846246.353946 0.061358292 -0.047779769 -0.017218748 0.083213769 0.001734761 -0.036127739 0.995875180
1341846246.389885 0.058905773 -0.049659755 -0.014789086 0.081772774 0.002765904 -0.036160752 0.995990932
1341846246.421855 0.060175508 -0.052027654 -0.019849684 0.081663415 0.003028796 -0.033828419 0.996081114
1341846246.457915 0.058336776 -0.045909189 -0.012357797 0.082032695 0.003350173 -0.032454755 0.996095419
1341846246.489829 0.067486361 -0.048195034 -0.018406684 0.080426827 0.003053617 -0.030707946 0.996282697
1341846246.521912 0.067716971 -0.045018859 -0.011940197 0.079844490 0.004740266 -0.030018613 0.996343970
1341846246.558038 0.067139462 -0.050366942 -0.011908788 0.078559823 0.006438079 -0.030472642 0.996422768
1341846246.589826 0.065548070 -0.051764913 -0.010759036 0.078857109 0.007077821 -0.029432401 0.996426225
1341846246.622033 0.067157969 -0.049493965 -0.010379379 0.079583459 0.006787178 -0.027438479 0.996427417
1341846246.658046 0.067026533 -0.046577651 -0.012787224 0.079254925 0.006330906 -0.026050221 0.996493876
1341846246.689939 0.067834243 -0.048412692 -0.013994710 0.078452021 0.005481337 -0.026589703 0.996548235
1341846246.725903 0.066600867 -0.047300555 -0.012176450 0.078485027 0.005304384 -0.027208354 0.996529877
1341846246.757894 0.062884919 -0.045704283 -0.007177569 0.077994622 0.005847352 -0.028109880 0.996540248
1341846246.789989 0.063239284 -0.047882762 -0.007177711 0.077009924 0.005881449 -0.028897224 0.996594191
1341846246.826059 0.062135618 -0.050265554 -0.006424864 0.076827846 0.005587267 -0.028994739 0.996607065
1341846246.857869 0.066462137 -0.050006669 -0.004064357 0.077945627 0.004747289 -0.028844519 0.996528983
1341846246.893944 0.069328673 -0.046312161 -0.017426997 0.077855960 0.003797573 -0.027775044 0.996570468
1341846246.925896 0.065792114 -0.052292410 -0.013226325 0.076850548 0.003754328 -0.028841428 0.996618390
1341846246.958090 0.069176354 -0.055238195 -0.014943681 0.076490290 0.003331671 -0.028763572 0.996649802
1341846246.993936 0.062519379 -0.047474645 -0.005833445 0.077524930 0.003563692 -0.028308870 0.996582091
1341846247.026204 0.064447515 -0.048605755 -0.005315923 0.077228777 0.003214012 -0.030292701 0.996547997
1341846247.057936 0.061670061 -0.051223479 -0.007278412 0.077804960 0.003346392 -0.030809727 0.996486843
1341846247.093899 0.059722669 -0.049032532 -0.005355045 0.078943364 0.003111456 -0.030065384 0.996420860
1341846247.126028 0.062994845 -0.047686793 -0.013675204 0.078762636 0.002327070 -0.030209728 0.996432841
1341846247.162093 0.061640482 -0.056248732 0.000939439 0.079014905 0.001907747 -0.029228620 0.996443033
1341846247.194072 0.067724168 -0.057285629 -0.002668171 0.081877232 0.002297144 -0.027500847 0.996260285
1341846247.225977 0.062408324 -0.055713993 -0.005082828 0.083346248 0.003174461 -0.025629582 0.996185958
1341846247.261953 0.068056889 -0.069849350 -0.003050311 0.084854893 0.003134152 -0.026484618 0.996036351
1341846247.293957 0.069197670 -0.064740002 0.001805980 0.090404503 0.004093311 -0.026065540 0.995555580
1341846247.325987 0.064629227 -0.048361879 -0.003023245 0.092824005 0.004159495 -0.025494885 0.995347440
1341846247.361940 0.063493744 -0.045484439 -0.004118360 0.091000363 0.002996316 -0.024950460 0.995533764
1341846247.430187 0.064631067 -0.042129450 -0.002662646 0.086990952 0.002167016 -0.025934083 0.995869160
1341846247.462223 0.066519596 -0.056257006 -0.004775056 0.084530838 0.000941242 -0.026618872 0.996064782
1341846247.493952 0.068762943 -0.052204270 0.000651845 0.085389577 0.000412373 -0.027771940 0.995960414
1341846247.530027 0.069664486 -0.056564126 0.004659627 0.085812651 0.000433181 -0.027409762 0.995934188
1341846247.562209 0.068806514 -0.064094923 0.001019208 0.087287150 0.000753998 -0.026218561 0.995837808
1341846247.594166 0.067907616 -0.055741832 -0.001213320 0.089774646 0.000529330 -0.025069391 0.995646477
1341846247.630035 0.067292437 -0.044788782 0.006129112 0.089686371 -0.000415328 -0.024816042 0.995660782
1341846247.662701 0.074578702 -0.053889360 0.005154960 0.087639235 -0.001472490 -0.023931935 0.995863676
1341846247.697913 0.072360799 -0.051261626 0.005985281 0.088723615 -0.000556963 -0.022346228 0.995805442
1341846247.730051 0.068959035 -0.049227927 0.006211441 0.087588765 -0.001143359 -0.021772163 0.995918095
1341846247.762180 0.077630498 -0.063697174 0.006769776 0.086838000 -0.002678357 -0.020239385 0.996013224
1341846247.798768 0.078577705 -0.056269072 0.005410028 0.089601345 -0.002352791 -0.018642643 0.995800436
1341846247.830259 0.076363727 -0.043536931 0.007132130 0.089872263 -0.002347293 -0.017517706 0.995796502
1341846247.865875 0.081504270 -0.054419126 0.008909673 0.086937904 -0.002967255 -0.017947376 0.996047616
1341846247.898157 0.079153232 -0.064662375 0.011048554 0.088274918 -0.001240993 -0.017985413 0.995932996
1341846247.930002 0.069907278 -0.050231166 0.008610627 0.090919510 -0.001829674 -0.016697485 0.995716572
1341846247.966006 0.075398944 -0.054415084 0.011208226 0.089506313 -0.004789786 -0.015838800 0.995848835
1341846247.998062 0.084368646 -0.063334078 0.012321449 0.090661600 -0.005426996 -0.015665846 0.995743752
1341846248.030615 0.080063231 -0.054453790 0.012107884 0.093251564 -0.004421389 -0.015853783 0.995506525
1341846248.065891 0.080967687 -0.042744763 0.010180887 0.093139656 -0.004402699 -0.015703330 0.995519519
1341846248.098211 0.093057528 -0.059051078 0.006827737 0.090316400 -0.004601660 -0.017046744 0.995756686
1341846248.133929 0.091868170 -0.057835285 0.010340027 0.092435293 -0.000495709 -0.019400308 0.995529592
1341846248.166050 0.083885819 -0.044848766 0.013588701 0.093016684 0.002692303 -0.021481417 0.995429158
1341846248.198024 0.078278877 -0.054401889 0.009835194 0.090663306 0.003186293 -0.022416094 0.995624244
1341846248.233930 0.084449604 -0.060747154 0.012717422 0.091988847 0.002855403 -0.022554448 0.995500505
1341846248.265968 0.085823730 -0.048619684 0.015876191 0.093996838 0.003290334 -0.023032073 0.995300651
1341846248.297927 0.080673061 -0.050683666 0.013333389 0.091171987 0.003747270 -0.026030093 0.995487869
1341846248.333956 0.081189543 -0.060866348 0.018804694 0.090510450 0.003211792 -0.028099282 0.995493829
1341846248.366013 0.078124218 -0.059475020 0.018423272 0.092458501 0.003602153 -0.028792100 0.995293677
1341846248.402093 0.078860782 -0.053309675 0.016210388 0.092695974 0.002394299 -0.027497806 0.995311797
1341846248.433862 0.085581481 -0.060893085 0.012601976 0.091750599 0.001546346 -0.027675580 0.995396197
1341846248.466804 0.086196736 -0.054995716 0.017640494 0.093562558 0.002782786 -0.029098073 0.995184243
1341846248.502139 0.078831695 -0.042370241 0.019281575 0.093059517 0.003393766 -0.029648766 0.995213330
1341846248.534215 0.078270100 -0.054167118 0.020601220 0.089326866 0.001250464 -0.028665405 0.995589077
1341846248.565971 0.089759275 -0.057838134 0.016729709 0.090830803 -0.000439683 -0.027957367 0.995473742
1341846248.602003 0.088592358 -0.044070352 0.013337822 0.091162778 0.000939468 -0.028818099 0.995418549
1341846248.640295 0.080730461 -0.058440793 0.024600247 0.088664845 0.001988643 -0.029149288 0.995632946
1341846248.640295 0.084871665 -0.058587197 0.019903101 0.088500835 0.001432698 -0.028913671 0.995655358
1341846248.675831 0.084725298 -0.062373836 0.022122409 0.091002189 0.002120795 -0.028503094 0.995440483
1341846248.708095 0.083748184 -0.055922654 0.019735472 0.093167469 0.003258582 -0.028900154 0.995225608
1341846248.740085 0.080591440 -0.056806281 0.023745202 0.092649899 0.003412328 -0.028838856 0.995275199
1341846248.802167 0.083713703 -0.057551477 0.023849934 0.095317252 0.002483730 -0.028918771 0.995023787
1341846248.833950 0.079452991 -0.060039129 0.021145055 0.094617769 0.002796619 -0.029535176 0.995071530
1341846248.869901 0.079245605 -0.067654848 0.019316483 0.095045865 0.002369676 -0.028736329 0.995055258
1341846248.901932 0.081781283 -0.063049003 0.020289548 0.097356886 0.002379925 -0.028608095 0.994835496
1341846248.938035 0.078853354 -0.055724531 0.018731197 0.097653359 0.002865828 -0.028790336 0.994799852
1341846248.969908 0.079136364 -0.056162816 0.022766475 0.096836038 0.002115086 -0.029173357 0.994870484
1341846249.001964 0.079353675 -0.061902847 0.021101788 0.095750578 0.002094622 -0.029555066 0.994964361
1341846249.037998 0.077726170 -0.054205794 0.019873753 0.096820906 0.002343715 -0.028545722 0.994889677
1341846249.069961 0.078350253 -0.051615436 0.023691451 0.095665552 0.001130361 -0.027678389 0.995028079
1341846249.105888 0.084994093 -0.059502389 0.021877520 0.094536878 0.000958379 -0.027878286 0.995130539
1341846249.138041 0.083036050 -0.056913793 0.017716562 0.094937027 0.002155519 -0.027207654 0.995109081
1341846249.169904 0.080660269 -0.060621817 0.020810634 0.094468161 0.002577944 -0.026298419 0.995177150
1341846249.206013 0.083353892 -0.062396515 0.023585185 0.095856935 0.002870254 -0.026016282 0.995051026
1341846249.237872 0.085135773 -0.053565327 0.015143586 0.096785717 0.003949235 -0.025948068 0.994959176
1341846249.306095 0.086506158 -0.065140791 0.023580940 0.094971761 0.004521061 -0.025895895 0.995132864
1341846249.337853 0.090488687 -0.057410698 0.020497208 0.096866868 0.005363495 -0.025630243 0.994952917
1341846249.373854 0.088771507 -0.053336494 0.021375507 0.095738269 0.005875090 -0.025784006 0.995055258
1341846249.405928 0.094224133 -0.060975622 0.021366138 0.094002448 0.006188571 -0.026418788 0.995202124
1341846249.437945 0.092210159 -0.059210707 0.020924041 0.095137618 0.008327550 -0.027445052 0.995050967
1341846249.474182 0.089065060 -0.052975956 0.024790060 0.095408238 0.008802593 -0.027367733 0.995023012
1341846249.505956 0.089026794 -0.052684311 0.027283181 0.094008230 0.008571057 -0.027193375 0.995163023
1341846249.538288 0.092145838 -0.057264145 0.021815926 0.093375683 0.008530600 -0.027271876 0.995220900
1341846249.574263 0.088720836 -0.053606726 0.024667049 0.093198583 0.008923285 -0.027200457 0.995235920
1341846249.606015 0.085829034 -0.054334573 0.027760817 0.091802165 0.008213965 -0.025343351 0.995420814
1341846249.641995 0.086980313 -0.056218985 0.027349250 0.091793001 0.006720094 -0.023294313 0.995482981
1341846249.674108 0.088972986 -0.043048173 0.024441518 0.092012584 0.005311381 -0.021463731 0.995512366
1341846249.706034 0.086275585 -0.046841320 0.027192840 0.088786602 0.004826908 -0.021883324 0.995798588
1341846249.742012 0.086380906 -0.054146919 0.026791908 0.087716751 0.003298106 -0.020379908 0.995931566
1341846249.773906 0.082691729 -0.051232167 0.024767501 0.088552549 0.001446038 -0.017484743 0.995917022
1341846249.806093 0.085806668 -0.046608597 0.026068866 0.087894313 -0.001837848 -0.014978065 0.996015489
1341846249.842148 0.089226983 -0.045923010 0.027645346 0.087321147 -0.004235952 -0.013171580 0.996084154
1341846249.873923 0.083712637 -0.049281951 0.025573073 0.086748131 -0.005600443 -0.012201238 0.996139824
1341846249.909991 0.080141000 -0.042596154 0.026378172 0.087428845 -0.008843093 -0.009854065 0.996082842
1341846249.942024 0.085311137 -0.044251442 0.028388182 0.086893789 -0.012432094 -0.007706703 0.996110260
1341846249.974199 0.095439300 -0.041402847 0.023796761 0.087552175 -0.014898853 -0.008323075 0.996013761
1341846250.010384 0.089036405 -0.039992522 0.023418043 0.087319545 -0.015706200 -0.008456259 0.996020615
1341846250.042022 0.091379814 -0.040534098 0.030710315 0.087588564 -0.018246923 -0.007045720 0.995964706
1341846250.078047 0.103940226 -0.042539611 0.022660952 0.089015953 -0.019513333 -0.006583516 0.995817304
1341846250.109945 0.104643501 -0.026764270 0.024867145 0.090627976 -0.017994165 -0.007423361 0.995694578
1341846250.141849 0.106276847 -0.026320908 0.020155121 0.088453457 -0.016705632 -0.007794030 0.995909750
1341846250.177803 0.118462324 -0.036456004 0.017706122 0.087717041 -0.015558125 -0.007855120 0.995992959
1341846250.210137 0.121210456 -0.029651161 0.020739220 0.088731393 -0.011605830 -0.008497383 0.995951712
1341846250.241903 0.117499180 -0.023261826 0.026461827 0.088743515 -0.008985471 -0.011359566 0.995949209
1341846250.277878 0.110712580 -0.019939985 0.021974353 0.088350229 -0.006433430 -0.013465065 0.995977759
1341846250.309873 0.110087641 -0.024488436 0.024893103 0.087049142 -0.006219392 -0.013813974 0.996088803
1341846250.346142 0.110936791 -0.024853216 0.025084866 0.087306835 -0.006842846 -0.013898967 0.996061027
1341846250.377944 0.110934742 -0.026322596 0.023023723 0.087532334 -0.006678347 -0.013619659 0.996046185
1341846250.410038 0.109362178 -0.029143294 0.022022357 0.087727614 -0.006612844 -0.013437376 0.996031940
1341846250.445984 0.109939508 -0.028946456 0.022068445 0.088859104 -0.006557286 -0.014619472 0.995915353
1341846250.477872 0.107437730 -0.021977270 0.024704738 0.089228123 -0.006535862 -0.015092690 0.995875418
1341846250.509930 0.104149766 -0.030786674 0.023431046 0.088024184 -0.008311711 -0.013261062 0.995995402
1341846250.546119 0.110878304 -0.025949750 0.026580911 0.089257903 -0.010389019 -0.012659721 0.995873928
1341846250.577998 0.110363103 -0.020519339 0.023697736 0.088422291 -0.009343630 -0.013827351 0.995943308
1341846250.613828 0.109980822 -0.022372205 0.025162570 0.086944208 -0.009237821 -0.012978891 0.996085823
1341846250.646114 0.111258999 -0.027870754 0.025555775 0.086664401 -0.009772334 -0.010345363 0.996136010
1341846250.677812 0.112583503 -0.019697681 0.022634825 0.087062202 -0.009563639 -0.008343967 0.996122062
1341846250.713958 0.115869612 -0.016384287 0.025920385 0.086002178 -0.009031329 -0.007551093 0.996225417
1341846250.745904 0.110624887 -0.020685779 0.026461322 0.084668234 -0.008236011 -0.005821380 0.996358156
1341846250.777886 0.107763499 -0.017009469 0.025911463 0.084480219 -0.009683933 -0.003457919 0.996372104
1341846250.814024 0.113537624 -0.016421681 0.027285624 0.083724074 -0.011280057 -0.003038297 0.996420503
1341846250.846025 0.110819198 -0.015232916 0.027605446 0.082494304 -0.010444835 -0.004347025 0.996527374
1341846250.881824 0.112145469 -0.025406739 0.026685532 0.081595436 -0.010780975 -0.003971812 0.996599317
1341846250.913808 0.116126180 -0.024781363 0.026596932 0.083854191 -0.011167667 -0.003626779 0.996408880
1341846250.946118 0.114801623 -0.026401190 0.024303073 0.084138751 -0.010305970 -0.004239389 0.996391773
1341846250.981803 0.111896329 -0.025768915 0.025806518 0.085209377 -0.009956609 -0.004873538 0.996301413
1341846251.014047 0.107013538 -0.027376581 0.021913601 0.084919877 -0.010868433 -0.005914638 0.996311009
1341846251.046033 0.112818606 -0.030028418 0.025502913 0.085500792 -0.012268458 -0.006736789 0.996239841
1341846251.081959 0.113120511 -0.035279311 0.023921117 0.086542584 -0.011605129 -0.007751822 0.996150434
1341846251.114058 0.116810389 -0.033992290 0.025416367 0.088589035 -0.011472905 -0.007964575 0.995970368
1341846251.149920 0.116573393 -0.032222733 0.025245678 0.090206400 -0.011040631 -0.008628942 0.995824516
1341846251.181983 0.118237667 -0.032762174 0.024961367 0.090861514 -0.010090521 -0.009874958 0.995763481
1341846251.214205 0.109929509 -0.032782130 0.022471858 0.092090733 -0.009425939 -0.010151749 0.995654225
1341846251.249978 0.101421759 -0.035920534 0.027401391 0.091687709 -0.010364429 -0.009357052 0.995689929
1341846251.281923 0.104259580 -0.037807662 0.027103435 0.092275687 -0.012141664 -0.009393981 0.995615184
1341846251.318026 0.100124270 -0.031529892 0.023219269 0.092374288 -0.012943014 -0.010100058 0.995589018
1341846251.350003 0.100388125 -0.026914679 0.018920401 0.090905927 -0.015612613 -0.010323898 0.995683551
1341846251.382003 0.102121986 -0.032194145 0.025410701 0.090682544 -0.017944375 -0.010085290 0.995667100
1341846251.417971 0.103665739 -0.021350032 0.026012901 0.091779716 -0.018895211 -0.010847339 0.995540977
1341846251.449878 0.099146530 -0.019292206 0.025369152 0.089166962 -0.019096231 -0.012375820 0.995756745
1341846251.481872 0.096085414 -0.019556684 0.026338955 0.086701006 -0.020632662 -0.012725842 0.995939434
1341846251.517870 0.098168150 -0.017797323 0.026747998 0.085447967 -0.022555621 -0.011940619 0.996015728
1341846251.549884 0.101564251 -0.016878977 0.025649816 0.083597362 -0.023232294 -0.012001492 0.996156514
1341846251.586071 0.097382136 -0.021982675 0.028068194 0.082475670 -0.022554344 -0.011498970 0.996271491
1341846251.618241 0.095763288 -0.023900442 0.028968949 0.083156683 -0.023142383 -0.010099653 0.996216595
1341846251.649917 0.105320826 -0.024331197 0.028819729 0.083939627 -0.023504930 -0.009562755 0.996147752
1341846251.686034 0.104866475 -0.024679136 0.025892153 0.084387630 -0.021129414 -0.011163885 0.996146441
1341846251.718103 0.099170014 -0.024236225 0.028074790 0.084542066 -0.019308530 -0.012383616 0.996155858
1341846251.749907 0.097913958 -0.023131102 0.031808335 0.085089490 -0.019660842 -0.011127838 0.996117175
