1341846313.592026 0.000000000 0.000000000 0.000000000 -0.000000000 -0.000000000 -0.000000000 1.000000000
1341846313.654184 0.006495669 -0.005537684 -0.001914904 -0.001527768 -0.003224264 0.005064913 0.999980807
1341846313.686156 0.016049372 -0.004853071 0.004998886 -0.000440288 -0.005951251 0.004555683 0.999971867
1341846313.721918 0.018363066 -0.000213942 -0.001904417 0.000001252 -0.006449185 0.004653638 0.999968410
1341846313.753994 0.029469455 -0.002213326 0.003957338 -0.000814354 -0.007634699 0.006228073 0.999951124
1341846313.789969 0.037435152 0.000709044 0.002963109 0.000916638 -0.008513939 0.004682595 0.999952376
1341846313.822075 0.045342125 0.007727849 0.002325076 0.001705300 -0.007580015 0.003237325 0.999964595
1341846313.853928 0.056758896 0.006594554 0.007021913 0.000816262 -0.005966098 0.001891094 0.999980092
1341846313.890011 0.063950263 0.006386415 0.004598530 0.000547665 -0.004338714 0.004131794 0.999981940
1341846313.922055 0.067181617 0.014306518 -0.005069236 -0.000715505 -0.004054302 0.004765530 0.999980152
1341846313.957927 0.096247420 0.013124608 0.013310769 -0.002590082 -0.003092120 0.005482470 0.999976873
1341846313.990058 0.081113875 0.013236782 0.024187462 -0.003900689 0.006574044 0.007423504 0.999943256
1341846314.022042 0.098834053 0.027102867 0.004689425 -0.005163544 0.006418714 0.010467408 0.999911308
1341846314.057816 0.110930756 0.020971952 -0.001084763 -0.009042722 0.008753827 0.011222764 0.999857843
1341846314.089801 0.114018276 0.017409597 0.003402777 -0.008518769 0.014960985 0.010582974 0.999795854
1341846314.122037 0.124197431 0.034151357 0.005728806 -0.008073909 0.017176410 0.015348548 0.999702096
1341846314.157989 0.123990394 0.025746897 0.003350400 -0.011123251 0.021735461 0.014733184 0.999593377
1341846314.190094 0.137349650 0.027895942 0.002543624 -0.010864974 0.024396727 0.016841292 0.999501467
1341846314.225969 0.141785502 0.038141448 0.001628894 -0.012338152 0.026339801 0.020260569 0.999371588
1341846314.257923 0.143070906 0.029100461 0.025611766 -0.015189507 0.028878577 0.021381674 0.999238849
1341846314.290052 0.128879771 0.036737032 0.017888792 -0.012411075 0.033369891 0.018427895 0.999196112
1341846314.325981 0.134792745 0.047568604 0.021726184 -0.011987331 0.034532178 0.016770381 0.999190986
1341846314.357905 0.165407002 0.029104674 0.026978506 -0.015573431 0.033680014 0.015830776 0.999185979
1341846314.389899 0.158213139 0.036904804 0.030515525 -0.012836611 0.038405824 0.014478549 0.999074936
1341846314.427905 0.160784513 0.048037026 0.019880787 -0.011465783 0.041040022 0.011536142 0.999025106
1341846314.493987 0.196029618 0.023626171 -0.000724203 -0.013869987 0.046391293 0.008290770 0.998792708
1341846314.526085 0.190741703 0.028541086 -0.015749762 -0.012983027 0.050236769 0.004308970 0.998643696
1341846314.558292 0.200112835 0.030346103 -0.003141691 -0.014125315 0.052853893 0.005963225 0.998484552
1341846314.594085 0.215389356 0.017936092 -0.007776042 -0.014209069 0.056085333 0.005113809 0.998311758
1341846314.626096 0.216220647 0.022776172 -0.011870710 -0.013544194 0.060649477 0.005891154 0.998049855
1341846314.658455 0.220684528 0.021792646 -0.012404563 -0.015684489 0.062596515 0.005806966 0.997898757
1341846314.694004 0.228795141 0.014254688 -0.002628272 -0.016157271 0.066950373 0.002864955 0.997621357
1341846314.725910 0.238262936 0.005373602 0.009445447 -0.012981488 0.069170617 0.007775394 0.997490048
1341846314.761942 0.248676494 0.013613366 0.013512257 -0.007517816 0.068808712 0.012667124 0.997521162
1341846314.794030 0.253537714 0.014636651 0.006580079 -0.004120066 0.071333997 0.013136201 0.997357547
1341846314.826092 0.261429459 0.015755849 -0.003808090 -0.001982979 0.075367436 0.014287774 0.997051477
1341846314.862145 0.270896256 0.020540884 0.009204494 -0.002298127 0.078409791 0.015790991 0.996793509
1341846314.894072 0.282900095 0.016932838 0.009999312 -0.003306944 0.081341580 0.018205902 0.996514499
1341846314.925969 0.270017862 0.026018716 0.007471106 -0.001807795 0.087101683 0.019172052 0.996013284
1341846314.961937 0.278841287 0.041850235 0.012575779 -0.003022031 0.086670011 0.025267174 0.995912075
1341846314.994564 0.287027091 0.038390689 0.017578330 -0.006960870 0.086941607 0.024675526 0.995883524
1341846315.029900 0.305555880 0.028175918 0.012485690 -0.008564116 0.088887043 0.022364020 0.995753884
1341846315.061965 0.321454108 0.027729826 -0.003227659 -0.009413618 0.089094058 0.029362321 0.995545864
1341846315.094388 0.323541790 0.022637054 -0.004736345 -0.009738920 0.088246018 0.029643796 0.995609939
1341846315.129851 0.331924319 0.026819207 -0.004096330 -0.007244607 0.088210076 0.027509525 0.995695591
1341846315.161941 0.332161337 0.046313707 -0.003794625 -0.007613120 0.088837579 0.030250451 0.995557547
1341846315.197984 0.324933410 0.042661767 -0.000950673 -0.014649653 0.088280044 0.025509028 0.995661259
1341846315.230076 0.329687923 0.038669892 0.004691956 -0.018592335 0.087421276 0.021181533 0.995772719
1341846315.262069 0.347519130 0.040182773 0.010662913 -0.021931227 0.082011476 0.026863961 0.996027827
1341846315.298000 0.357848167 0.034829125 0.020735115 -0.024424080 0.077175744 0.029146980 0.996292055
1341846315.329931 0.358026505 0.018862430 0.022825837 -0.022403991 0.076794073 0.027576357 0.996413767
1341846315.361981 0.374387056 0.027742814 0.019493468 -0.015776316 0.074161470 0.031478573 0.996624470
1341846315.397962 0.381932944 0.028648604 0.014219464 -0.012787056 0.073654734 0.034416907 0.996607721
1341846315.429923 0.377367109 0.031750593 0.009687119 -0.009530659 0.076841541 0.034726076 0.996392846
1341846315.466047 0.402362525 0.033480346 -0.007586998 -0.009158751 0.077640153 0.040437184 0.996118963
1341846315.497883 0.396127462 0.036913935 0.000665311 -0.009774333 0.081769109 0.043735649 0.995643318
1341846315.530008 0.398197889 0.033248372 -0.009824944 -0.010156159 0.083162196 0.044768717 0.995478153
1341846315.566108 0.402397841 0.034367505 -0.010948485 -0.010964960 0.084184065 0.046064369 0.995324552
1341846315.597986 0.401043057 0.033048071 -0.007638157 -0.011081271 0.086043589 0.044741053 0.995224595
1341846315.630109 0.406638205 0.032666195 -0.010389203 -0.011097081 0.086546928 0.044346843 0.995198429
1341846315.666042 0.407459617 0.030243391 -0.012771685 -0.012254854 0.088578679 0.043229286 0.995055258
1341846315.698114 0.417995483 0.041031193 -0.018275589 -0.016303020 0.090542637 0.042473946 0.994852901
1341846315.733985 0.400825441 0.025679160 0.001885483 -0.020656016 0.095697440 0.042139459 0.994303584
1341846315.766041 0.392477334 0.026980594 0.005098990 -0.020390572 0.094070084 0.043556347 0.994403303
1341846315.798188 0.400426894 0.024587084 -0.003065594 -0.021496823 0.092411228 0.042412475 0.994584978
1341846315.834140 0.394842476 0.016914196 0.003730281 -0.021297535 0.095419690 0.040432043 0.994387686
1341846315.866751 0.387452066 0.033302736 0.019802989 -0.016343327 0.098291881 0.038865790 0.994264066
1341846315.898492 0.381941229 0.034961846 0.020060087 -0.014777796 0.099155106 0.037818141 0.994243264
1341846315.936901 0.378889263 0.024764307 0.019500433 -0.013235173 0.101163708 0.037285931 0.994082808
1341846315.966572 0.366286963 0.025354695 0.018021639 -0.009479451 0.103953689 0.035979565 0.993885934
1341846316.034204 0.355292112 0.021112975 0.013728699 -0.006105068 0.104073420 0.034989052 0.993935227
1341846316.066113 0.357941419 0.017054187 0.016017873 -0.004440525 0.103032589 0.034093406 0.994083643
1341846316.101867 0.349777222 0.024909547 0.014005939 -0.002263744 0.101931676 0.036239434 0.994128585
1341846316.134066 0.332659543 0.024023322 0.014610475 -0.003199248 0.100667529 0.030731989 0.994440258
1341846316.202049 0.319928735 0.014686185 0.019932080 -0.003699945 0.095951639 0.027219450 0.995006919
1341846316.233979 0.311277390 0.016501268 0.011911522 -0.002915563 0.095435642 0.024428559 0.995131552
1341846316.270052 0.304789603 0.017859738 0.009180347 -0.004173189 0.096643142 0.020852806 0.995091915
1341846316.301915 0.299308270 0.007108474 0.015839843 -0.004989678 0.097664349 0.020003695 0.995005906
1341846316.334208 0.290987551 0.006913871 0.017987454 -0.003253701 0.097246341 0.021565566 0.995021403
1341846316.370006 0.285654038 0.006317621 0.018652877 -0.001249424 0.095951498 0.022527151 0.995130301
1341846316.401994 0.275417626 0.006500331 0.016236158 0.000615296 0.095758907 0.024324493 0.995107114
1341846316.438069 0.273331225 -0.000368183 0.019863538 0.002260624 0.094809622 0.026839143 0.995131016
1341846316.470076 0.262788028 0.002205265 0.022242773 0.007338048 0.094189189 0.032038800 0.995011628
1341846316.502034 0.252153695 0.016220974 0.014096481 0.010626168 0.091750965 0.033852015 0.995149672
1341846316.537975 0.237517625 0.026821230 0.017357152 0.009512407 0.090197943 0.029666169 0.995436490
1341846316.570121 0.232351691 0.014423139 0.018705256 0.008145236 0.089848310 0.027137045 0.995552361
1341846316.601885 0.228311524 0.008856806 0.018757364 0.009566609 0.088910259 0.026652975 0.995637059
1341846316.638009 0.216520280 0.006284923 0.019120334 0.011797411 0.088149309 0.028040711 0.995642602
1341846316.669925 0.208208188 0.003597497 0.018203449 0.014178739 0.087832369 0.027203571 0.995662868
1341846316.705941 0.198611408 -0.005301190 0.013010919 0.017638272 0.088393301 0.027974570 0.995536506
1341846316.738062 0.187715411 0.006700343 0.008049167 0.021107631 0.087965354 0.030865267 0.995421469
1341846316.770433 0.180500984 0.013749936 0.013437379 0.021005057 0.087317921 0.031191660 0.995470524
1341846316.805932 0.169695958 0.000875116 0.014525468 0.020408250 0.087927125 0.030069588 0.995463789
1341846316.838029 0.158984721 0.005889762 0.012794310 0.022204421 0.086691916 0.031247720 0.995497465
1341846316.870034 0.144417852 0.001313731 0.020923749 0.022309907 0.084141791 0.032520510 0.995673120
1341846316.906344 0.149954855 -0.010258882 -0.000116299 0.021976676 0.078957871 0.032177482 0.996116102
1341846316.937940 0.147931173 -0.007782012 -0.005167418 0.022128543 0.077216968 0.029986186 0.996317625
1341846316.973994 0.137035072 -0.009431803 -0.008550978 0.020942912 0.075692981 0.029998133 0.996459782
1341846317.005913 0.130065665 -0.013306783 -0.005916084 0.019484751 0.072635949 0.031416506 0.996673167
1341846317.037936 0.126595870 -0.016406581 0.004209756 0.019799512 0.070033818 0.030487120 0.996882021
1341846317.073972 0.126002595 -0.021362230 0.003536214 0.020470541 0.067537054 0.032638051 0.996972680
1341846317.106113 0.112383157 -0.013685904 0.027907817 0.024232410 0.067041703 0.033539195 0.996891856
1341846317.137887 0.094297297 -0.018338658 0.010132079 0.027164277 0.061808206 0.038325910 0.996981978
1341846317.173970 0.091732286 -0.005416310 0.038460523 0.029491652 0.054563180 0.038782090 0.997321010
1341846317.205887 0.072974302 -0.016928816 0.005435197 0.028298678 0.052502140 0.041309562 0.997364640
1341846317.248131 0.075059697 -0.012811805 0.033961888 0.030276274 0.048680648 0.042825159 0.997436523
1341846317.306289 0.062765844 -0.011858523 0.029661115 0.031994816 0.042289820 0.046336405 0.997517407
1341846317.348137 0.069461964 -0.010982072 0.050553020 0.033316363 0.042379830 0.047681864 0.997406900
1341846317.410120 0.046875160 -0.004279768 0.046990927 0.035586655 0.043061018 0.052304249 0.997067511
1341846317.442569 0.048166387 -0.042665053 0.019756099 0.033615265 0.041494776 0.059390381 0.996805429
1341846317.474010 0.038874265 -0.049001265 0.012381887 0.038581118 0.041985255 0.062978692 0.996384740
1341846317.509927 0.034869932 -0.035939727 0.015854744 0.043000747 0.039112113 0.069040865 0.995918989
1341846317.542282 0.021308275 -0.029126137 0.018868547 0.042909089 0.037197493 0.067564584 0.996097445
1341846317.573943 0.019747727 -0.036697846 0.022417523 0.041947491 0.038082667 0.066105954 0.996202886
1341846317.610159 0.008341694 -0.045698699 0.022247843 0.043741286 0.040565822 0.067023195 0.995966375
1341846317.643553 -0.027594801 -0.012180830 0.030804224 0.051454280 0.044069238 0.065320797 0.995561957
1341846317.677993 -0.037216157 -0.016106302 0.040657230 0.051957451 0.041024648 0.067025997 0.995552599
1341846317.709996 -0.034729704 -0.011842160 0.040750727 0.055332728 0.037038006 0.067753464 0.995477796
1341846317.741834 -0.046461623 -0.003512957 0.033598065 0.056000140 0.036294755 0.066791639 0.995532811
1341846317.777923 -0.058984440 -0.006433089 0.034781754 0.053836200 0.035705436 0.066294178 0.995706797
1341846317.810021 -0.065112889 -0.008615643 0.039471392 0.053520244 0.033846453 0.064659573 0.995896161
1341846317.841886 -0.075438708 -0.001236036 0.034955345 0.052794546 0.033045769 0.062459137 0.996102273
1341846317.878017 -0.085313872 -0.002759466 0.045038071 0.050034985 0.033599779 0.057636235 0.996516705
1341846317.909910 -0.082028195 -0.007259553 0.041383933 0.049055450 0.033452135 0.054868840 0.996726692
1341846317.946031 -0.095873810 -0.010405569 0.044204842 0.050167114 0.035140321 0.056431327 0.996526003
1341846317.978041 -0.109984741 -0.018519513 0.067043871 0.051785368 0.034867633 0.055933543 0.996480823
1341846318.009897 -0.111097187 -0.013877850 0.066909648 0.054523807 0.034763057 0.053617593 0.996465683
1341846318.045949 -0.130242899 -0.010400245 0.060050607 0.054754812 0.036550689 0.051816896 0.996484339
1341846318.078074 -0.147080362 -0.010019979 0.062700026 0.054198749 0.035996847 0.050091956 0.996623158
1341846318.109894 -0.154140830 -0.019287035 0.033075318 0.052331712 0.031258665 0.048844945 0.996944547
1341846318.145957 -0.158956364 -0.018582396 0.034478921 0.051481564 0.029044153 0.045640960 0.997207642
1341846318.178001 -0.160191923 -0.023288330 0.028685879 0.050540958 0.028315248 0.043645192 0.997366071
1341846318.214074 -0.167831764 -0.021645673 0.041698225 0.051834889 0.026501637 0.042406071 0.997402966
1341846318.245970 -0.175469503 -0.027088145 0.043985665 0.054619405 0.020767944 0.043789491 0.997330368
1341846318.278018 -0.187867299 -0.026825473 0.039797559 0.058797985 0.016179422 0.043815169 0.997176647
1341846318.313937 -0.213480279 -0.019063570 0.049757853 0.061462514 0.012993648 0.039782465 0.997231662
1341846318.345989 -0.212224558 -0.019969603 0.059745632 0.063167103 0.002688055 0.038989421 0.997237504
1341846318.382046 -0.220745459 -0.020522799 0.069439255 0.065281011 -0.004456671 0.038645674 0.997108340
1341846318.414072 -0.226493970 -0.022589425 0.060584899 0.066740707 -0.011689789 0.040094022 0.996895909
1341846318.446035 -0.231541589 -0.029655835 0.054691393 0.068144381 -0.018351290 0.039528485 0.996723175
1341846318.482196 -0.249064595 -0.022360904 0.036118254 0.070088938 -0.019737674 0.037699312 0.996632695
1341846318.514144 -0.258845657 -0.020937860 0.036946841 0.070471928 -0.020919701 0.039147235 0.996525764
1341846318.546259 -0.262335449 -0.027577790 0.038077775 0.071466982 -0.022406299 0.038469791 0.996448934
1341846318.582042 -0.274483740 -0.024149433 0.028862532 0.072992809 -0.021989206 0.037938192 0.996368051
1341846318.614115 -0.286236644 -0.021565780 0.032449190 0.072903082 -0.021895953 0.036683664 0.996423662
1341846318.650038 -0.293422043 -0.025476426 0.028689452 0.072128616 -0.022792235 0.034609102 0.996534109
1341846318.682350 -0.299330980 -0.025375096 0.033137981 0.071662612 -0.023363965 0.032885026 0.996612906
1341846318.714063 -0.309855342 -0.025374947 0.034602892 0.071389280 -0.024147110 0.032549791 0.996624827
1341846318.749905 -0.316157341 -0.030537125 0.030388717 0.071847208 -0.024342397 0.034239568 0.996530592
1341846318.782036 -0.329538167 -0.029909017 0.034731202 0.073457465 -0.025098719 0.036395088 0.996317983
1341846318.814121 -0.343658239 -0.028905362 0.034674957 0.073673993 -0.030007523 0.034705054 0.996226549
1341846318.850072 -0.360482246 -0.033926889 0.029693894 0.073708966 -0.035052031 0.032560501 0.996131599
1341846318.883516 -0.368483871 -0.037530713 0.034128200 0.076811373 -0.043309942 0.032137062 0.995585978
1341846318.918047 -0.369742841 -0.027931459 0.030679539 0.080862910 -0.056776676 0.030503782 0.994639218
1341846318.950044 -0.382880211 -0.051863372 0.023590755 0.080303542 -0.065428652 0.030100564 0.994165182
1341846318.982028 -0.390122801 -0.050155118 0.008374893 0.081924893 -0.069515206 0.027574535 0.993828773
1341846319.018123 -0.422623694 -0.042287413 0.009550704 0.082267955 -0.072938643 0.024617298 0.993632734
1341846319.050745 -0.407236546 -0.050853845 0.017370064 0.083687440 -0.081427485 0.023106236 0.992890775
1341846319.081905 -0.402529955 -0.046291735 0.018875796 0.089830279 -0.082088210 0.021321174 0.992339373
1341846319.117976 -0.429412365 -0.036737021 0.008507851 0.092843048 -0.080079466 0.025657225 0.992123544
1341846319.150093 -0.437110811 -0.043940343 -0.000002171 0.094123818 -0.084671348 0.033511877 0.991387188
1341846319.186069 -0.428214639 -0.027856503 -0.001523688 0.096706301 -0.086852424 0.033561710 0.990948141
1341846319.218149 -0.427302927 -0.011843935 0.009021819 0.094164498 -0.082447730 0.031749502 0.991628647
1341846319.250034 -0.446636707 -0.017136777 0.006391408 0.088240959 -0.074885897 0.031254325 0.992788374
1341846319.286594 -0.450618237 -0.028558232 0.018497286 0.084889993 -0.072820142 0.035289172 0.993098974
1341846319.318034 -0.465423435 -0.023736928 0.030176416 0.086574793 -0.071262337 0.037978299 0.992967367
1341846319.350268 -0.474833399 -0.033684105 0.018352078 0.085725479 -0.070853837 0.045330517 0.992761850
1341846319.386163 -0.493425697 -0.039977670 0.012315271 0.087032892 -0.074576229 0.054182306 0.991931498
1341846319.418386 -0.479675859 -0.036016826 -0.005347641 0.088108242 -0.081472963 0.055469178 0.991222620
1341846319.453961 -0.494709849 -0.031134125 0.011717882 0.089503504 -0.082858756 0.051110700 0.991217136
1341846319.486271 -0.510928869 -0.030862771 0.006043529 0.088669613 -0.082508586 0.049895406 0.991383135
1341846319.554083 -0.526244164 -0.032827090 0.018967737 0.082961455 -0.089096650 0.049036372 0.991349936
1341846319.586296 -0.538130045 -0.033476349 0.011482254 0.083375931 -0.088171192 0.044792846 0.991598666
1341846319.622031 -0.555372357 -0.032461572 -0.007888980 0.081713252 -0.090904512 0.042350426 0.991597593
1341846319.653962 -0.558754146 -0.036542092 0.009375947 0.081012480 -0.096552484 0.041602924 0.991152823
1341846319.686352 -0.573379397 -0.044092663 -0.002481954 0.082180113 -0.099672325 0.040783226 0.990781844
1341846319.721992 -0.572660983 -0.035896689 -0.002117291 0.083439894 -0.104226612 0.041557975 0.990175605
1341846319.754063 -0.586891830 -0.022817727 -0.012819100 0.080928452 -0.106088154 0.040716298 0.990221262
1341846319.786397 -0.583190799 -0.023412675 0.009442635 0.076667503 -0.107063055 0.044028129 0.990313709
1341846319.822008 -0.594229460 -0.022209933 0.005055754 0.073200390 -0.107304215 0.048244078 0.990353525
1341846319.853917 -0.599913359 -0.020545019 0.000907523 0.068446197 -0.108423747 0.052637246 0.990347803
1341846319.889942 -0.601933420 -0.034404855 0.005910699 0.064125225 -0.109517567 0.058390673 0.990194142
1341846319.922039 -0.612005949 -0.048649054 -0.016368940 0.062272277 -0.113052845 0.060358841 0.989796937
1341846319.953946 -0.610742748 -0.050714195 -0.009273590 0.062949158 -0.119697876 0.056388188 0.989206851
1341846319.990054 -0.609207928 -0.047204755 -0.008252547 0.066063829 -0.122963674 0.049099028 0.988991857
1341846320.028122 -0.613683999 -0.043695159 0.002175054 0.068763636 -0.126839176 0.049758796 0.988285124
1341846320.090047 -0.593816102 -0.031671844 0.012823764 0.075048886 -0.135678232 0.049424130 0.986669362
1341846320.122011 -0.586053014 -0.030352928 0.012779997 0.075819030 -0.133563519 0.050015118 0.986869156
1341846320.157952 -0.579611897 -0.030184157 0.024357252 0.076156825 -0.131004199 0.050337262 0.987169802
1341846320.190003 -0.561195493 -0.040421747 0.020065844 0.078259639 -0.128312081 0.050465930 0.987352371
1341846320.221941 -0.555220246 -0.042778056 0.028702572 0.082436040 -0.124903016 0.052070253 0.987366319
1341846320.258015 -0.542311192 -0.049955256 0.028231865 0.086089015 -0.124537364 0.055442460 0.986917078
1341846320.289887 -0.544269383 -0.056060869 0.028478978 0.091608100 -0.124155998 0.052510101 0.986628592
1341846320.321954 -0.527679980 -0.051418558 0.022927027 0.101115644 -0.125985369 0.052594583 0.985462964
1341846320.357890 -0.507758856 -0.043762416 0.033564720 0.106828019 -0.126234248 0.055140771 0.984688878
1341846320.390064 -0.491397768 -0.042702205 0.048709374 0.108769536 -0.123477757 0.054312464 0.984871864
1341846320.426544 -0.467550844 -0.041848343 0.060264621 0.111699894 -0.116869323 0.050893340 0.985532641
1341846320.458122 -0.467946231 -0.045098476 0.046520635 0.112554960 -0.108175129 0.048026469 0.986571372
1341846320.490186 -0.454949230 -0.047913693 0.063436247 0.116342604 -0.101173721 0.048262484 0.986863256
1341846320.525911 -0.447845817 -0.036988813 0.048229467 0.121226199 -0.092049770 0.045076191 0.987319231
1341846320.558091 -0.424555033 -0.042824604 0.024929689 0.120709993 -0.089123733 0.043249011 0.987732530
1341846320.594093 -0.394264221 -0.049967740 0.037680447 0.121641517 -0.085273623 0.039624933 0.988110125
1341846320.631955 -0.394024849 -0.047364205 0.021054575 0.124121018 -0.076130994 0.038230788 0.988603294
1341846320.631955 -0.392790943 -0.045770552 0.023136724 0.124378748 -0.076331139 0.038297575 0.988552928
1341846320.664916 -0.390347719 -0.045815237 0.018153373 0.124026403 -0.073039241 0.036245570 0.988923192
1341846320.699927 -0.362942815 -0.050677143 0.034125526 0.123829521 -0.071197048 0.037116330 0.989049852
1341846320.731822 -0.353930295 -0.045191325 0.037133593 0.126286313 -0.063933827 0.035929617 0.989279211
1341846320.763877 -0.368429244 -0.012850150 0.033959918 0.125802323 -0.061137799 0.034916487 0.989553869
1341846320.799999 -0.342090189 -0.039448589 0.016413053 0.116867319 -0.063780569 0.030628275 0.990624070
1341846320.831871 -0.269363523 -0.048606109 0.011379862 0.117701948 -0.058068454 0.028709128 0.990933955
1341846320.863887 -0.332877815 -0.025564458 0.024143882 0.118157506 -0.042881634 0.027319603 0.991692364
1341846320.900014 -0.321551740 -0.037377156 0.031481393 0.110158734 -0.048698153 0.032358937 0.992192745
1341846320.931889 -0.296362579 -0.040630046 0.031156067 0.112360090 -0.048595890 0.031147225 0.991989672
1341846320.967866 -0.295735419 -0.013781000 0.034160838 0.113527603 -0.042685132 0.026476476 0.992264330
1341846321.000017 -0.290527016 -0.024849594 0.029398775 0.105446145 -0.042287480 0.025719268 0.993192554
1341846321.031860 -0.271585166 -0.036516324 0.035464775 0.102687038 -0.042473271 0.024726937 0.993498921
1341846321.068047 -0.266036063 -0.029077549 0.030115291 0.103331588 -0.038467977 0.021944618 0.993660510
1341846321.099840 -0.268874675 -0.033072051 0.022330528 0.100385077 -0.036328942 0.022510387 0.994030416
1341846321.131821 -0.242533505 -0.044296116 0.031439118 0.100340120 -0.035784256 0.023941619 0.994021237
1341846321.167887 -0.229428083 -0.038147159 0.031280011 0.103343874 -0.032387059 0.025037015 0.993802965
1341846321.200042 -0.225884721 -0.035564046 0.029782746 0.103717826 -0.029532164 0.025077973 0.993851900
1341846321.231950 -0.219285563 -0.039594986 0.032736074 0.103005074 -0.028312681 0.023417575 0.994001985
1341846321.267939 -0.197971553 -0.035609730 0.024362799 0.103593305 -0.026844855 0.018967252 0.994076490
1341846321.299948 -0.189709127 -0.036725890 0.034676410 0.102372311 -0.022349387 0.012950087 0.994410753
1341846321.331858 -0.185340717 -0.040180769 0.039198846 0.102426104 -0.019577071 0.009130935 0.994506061
1341846321.367913 -0.157901198 -0.047524095 0.046905484 0.103616685 -0.017963957 0.004609935 0.994444430
1341846321.399897 -0.155022904 -0.041852728 0.046166148 0.105855875 -0.012157749 0.003463624 0.994301200
1341846321.435994 -0.152255297 -0.044349164 0.055117931 0.107545093 -0.008298158 0.003006864 0.994161069
1341846321.467946 -0.142502844 -0.043719590 0.054456383 0.109419249 -0.005855978 0.003310639 0.993973017
1341846321.499882 -0.127992809 -0.042936273 0.055442479 0.110880189 -0.003229453 0.003535982 0.993822277
1341846321.536109 -0.094810277 -0.029150089 0.059966654 0.111648247 0.000480318 0.000988021 0.993747175
1341846321.568960 -0.117866799 -0.020258613 0.070278361 0.108802877 0.009744378 -0.002477886 0.994012594
1341846321.603938 -0.105861321 -0.027562281 0.065860040 0.104989387 0.011721823 -0.002375996 0.994401455
1341846321.637163 -0.058179267 -0.024131434 0.044651169 0.102096267 0.013945818 -0.000678144 0.994676590
1341846321.668306 -0.082927696 -0.024132667 0.072640732 0.097388119 0.025993712 0.001402335 0.994906068
1341846321.704411 -0.095109083 -0.026876144 0.079437561 0.094179846 0.027810760 0.008810563 0.995127738
1341846321.736861 -0.082002014 -0.023165267 0.084236175 0.093377136 0.024627466 0.017798368 0.995167017
1341846321.771881 -0.066902965 -0.006538233 0.078939535 0.091721088 0.024028007 0.022492036 0.995240688
1341846321.804114 -0.060103059 -0.013102035 0.076648146 0.086693548 0.026137773 0.025116656 0.995575368
1341846321.836152 -0.061731275 -0.004597804 0.082436904 0.084175549 0.029252589 0.024993666 0.995707870
1341846321.871882 -0.051953670 -0.002996061 0.070011355 0.078385733 0.029120428 0.024125531 0.996205688
1341846321.904074 -0.040523220 -0.012570111 0.061267629 0.070364714 0.029499481 0.021561267 0.996851981
1341846321.939847 -0.036933452 -0.019174257 0.073177457 0.065944612 0.032577783 0.019284353 0.997104883
1341846322.004094 -0.041143965 -0.023146341 0.074792683 0.058764834 0.030572923 0.019042818 0.997621834
1341846322.066178 -0.025543053 -0.030821681 0.069209337 0.053672038 0.035373196 0.015444296 0.997812450
1341846322.107979 -0.030693317 -0.043665878 0.076000445 0.050765254 0.037661169 0.014593896 0.997893631
1341846322.166164 -0.027037766 -0.064883761 0.076622330 0.054140061 0.037191767 0.014080590 0.997741103
1341846322.202932 -0.027610360 -0.069078505 0.069926985 0.055692174 0.035027184 0.014090554 0.997733891
1341846322.234093 -0.023850072 -0.072374053 0.070004888 0.054586750 0.033110477 0.012705395 0.997879088
1341846322.265941 -0.024709243 -0.080057278 0.072668776 0.052232955 0.030193143 0.013169880 0.998091578
1341846322.301996 -0.017853424 -0.098430723 0.070052981 0.049685523 0.028161470 0.013910248 0.998270988
1341846322.333949 -0.026982104 -0.114747316 0.067076162 0.048388503 0.026715977 0.013899027 0.998374522
1341846322.369871 -0.014090813 -0.127945527 0.070902519 0.049425032 0.020505380 0.010388250 0.998513341
1341846322.402292 0.006329749 -0.146101683 0.067363292 0.050601114 0.020310635 0.004374385 0.998502791
1341846322.433955 -0.025211545 -0.163329542 0.069031820 0.056489348 0.025944909 -0.002057701 0.998063922
1341846322.470030 -0.025806407 -0.177442655 0.076582313 0.064296991 0.021645632 0.002543738 0.997692823
1341846322.502433 -0.008157545 -0.189078361 0.071848884 0.070746936 0.016947271 0.006035394 0.997332096
1341846322.534002 -0.013525504 -0.194656968 0.065750279 0.081072569 0.017497681 0.004811526 0.996542990
1341846322.570196 -0.010966729 -0.208465263 0.063687339 0.090184160 0.016899239 0.009008027 0.995741010
1341846322.601920 -0.018156143 -0.218859538 0.055834889 0.095992588 0.014292075 0.012258227 0.995203972
1341846322.638119 -0.008250591 -0.225688308 0.066125788 0.101984456 0.010403152 0.009814051 0.994683206
1341846322.669947 0.006750192 -0.234766901 0.061428905 0.106460050 0.012670653 0.009574171 0.994190156
1341846322.702026 -0.008448070 -0.251203090 0.066794403 0.109018981 0.015714552 0.010616194 0.993858814
1341846322.738006 -0.005844551 -0.242481157 0.068501331 0.111582875 0.012707185 0.012365539 0.993596971
1341846322.770087 0.002334315 -0.266190499 0.070475742 0.110917002 0.013044665 0.012389876 0.993666828
1341846322.806047 0.001447243 -0.282190055 0.062995315 0.113323584 0.012798692 0.017185800 0.993327081
1341846322.838063 0.001365392 -0.287429124 0.057834148 0.114742957 0.008130197 0.020527016 0.993149877
1341846322.870081 0.003052889 -0.308156222 0.071202084 0.116765976 0.003177339 0.019066341 0.992971420
1341846322.906018 0.014109198 -0.313289136 0.075170338 0.121711850 0.001149414 0.019661738 0.992370069
1341846322.938349 0.009265585 -0.295007795 0.082284436 0.123588629 0.002613787 0.020505454 0.992118239
1341846322.970069 0.012602589 -0.303898722 0.076439552 0.118014909 0.001862688 0.022351449 0.992758512
1341846323.011820 0.017920641 -0.319377750 0.082735673 0.114996403 0.001986888 0.022704499 0.993104458
1341846323.073951 0.017592685 -0.318823576 0.083714396 0.112495683 0.001656443 0.027332840 0.993274868
1341846323.105962 0.018440073 -0.342117459 0.082357317 0.108587362 0.001858693 0.027453074 0.993706048
1341846323.138158 0.019644709 -0.340501308 0.084616095 0.109527618 0.001845866 0.023791395 0.993697345
1341846323.174092 0.015403282 -0.344990611 0.084995493 0.107363999 0.001705639 0.022133423 0.993971944
1341846323.206059 0.024930526 -0.348537028 0.083125025 0.104529276 0.000533372 0.020289319 0.994314730
1341846323.238053 0.031882990 -0.350209564 0.081371650 0.102077901 0.003212895 0.018295653 0.994602978
1341846323.273997 0.011181651 -0.347336203 0.080553599 0.098394699 0.004528191 0.019190505 0.994952083
1341846323.305946 0.015297234 -0.361097723 0.079907209 0.092377812 0.000389494 0.019803949 0.995526969
1341846323.342027 0.041640323 -0.380438387 0.085247792 0.089647777 0.000637537 0.018219924 0.995806694
1341846323.374048 0.019282371 -0.386050314 0.095697857 0.090339623 0.005551062 0.019946149 0.995695770
1341846323.405987 0.004640227 -0.395074904 0.082161039 0.090460531 0.002072130 0.024902690 0.995586514
1341846323.441956 0.023509011 -0.407499671 0.088611878 0.091333427 -0.003303526 0.027059397 0.995447218
1341846323.473878 0.029905500 -0.424481302 0.089713320 0.094839044 -0.002119518 0.025778940 0.995156527
1341846323.506129 0.019455355 -0.413920641 0.085775845 0.098170936 -0.001532476 0.023119230 0.994899869
1341846323.541972 0.029025298 -0.415388465 0.082954548 0.096669339 -0.002126585 0.021205235 0.995088398
1341846323.573913 0.056209940 -0.432801574 0.080633998 0.095417693 0.000753366 0.015918242 0.995309770
1341846323.609927 0.040237539 -0.438628137 0.086192444 0.095623344 0.007952917 0.012789918 0.995303690
1341846323.642014 0.025023105 -0.445490539 0.086160474 0.094602682 0.010298068 0.013037445 0.995376468
1341846323.674081 0.023821346 -0.456161708 0.086201161 0.094658956 0.008464050 0.015347626 0.995355487
1341846323.710069 0.029922379 -0.477224201 0.074561380 0.095608510 0.006904898 0.019854745 0.995197058
1341846323.742111 0.032902569 -0.487219095 0.077975042 0.100599684 0.004399792 0.019977307 0.994716704
1341846323.774928 0.033708557 -0.485828280 0.075715519 0.104276493 0.001858496 0.017249780 0.994397044
1341846323.810012 0.036435757 -0.491755188 0.074868679 0.105649382 0.000571058 0.013480030 0.994311929
1341846323.842207 0.039512113 -0.495327681 0.071349569 0.106966890 0.000597735 0.008699335 0.994224370
1341846323.878019 0.030463463 -0.507633984 0.067604207 0.107486121 0.000380656 0.004236829 0.994197488
1341846323.909826 0.031631190 -0.520085871 0.074240543 0.110998578 -0.001247539 -0.000167710 0.993819773
1341846323.942459 0.027910059 -0.520758927 0.068427689 0.114916451 -0.001184124 -0.000618398 0.993374228
1341846323.978055 0.020921811 -0.523857713 0.071643069 0.117635541 -0.003890186 0.000947610 0.993048787
1341846324.015934 0.034119118 -0.527984560 0.066843480 0.121147186 -0.006722009 0.000696311 0.992611587
1341846324.015934 0.032370202 -0.529749632 0.067373693 0.121080972 -0.006573707 0.000598618 0.992620707
1341846324.047722 0.035188965 -0.519006014 0.067454122 0.125264630 -0.005131577 -0.000454962 0.992110014
1341846324.083904 0.036519475 -0.502816379 0.066991307 0.125502110 -0.003891614 -0.000008980 0.992085755
1341846324.115968 0.039646201 -0.503894269 0.064582586 0.123049147 -0.002406641 -0.001899765 0.992395878
1341846324.151967 0.042780042 -0.498856217 0.066636153 0.122591294 0.000651414 -0.006720490 0.992434323
1341846324.183941 0.035810992 -0.483567268 0.072332792 0.120144106 0.005218984 -0.010529614 0.992686927
1341846324.219984 0.027954599 -0.477245331 0.077153884 0.116218545 0.007689730 -0.008893105 0.993154109
1341846324.251968 0.027226362 -0.479659647 0.074293889 0.114913262 0.007546388 -0.009069745 0.993305504
1341846324.284052 0.024723500 -0.465746939 0.073608659 0.115696304 0.006976257 -0.010190865 0.993207872
1341846324.319880 0.016668960 -0.448231310 0.073469855 0.114757448 0.003714973 -0.011429464 0.993320882
1341846324.351917 0.024756670 -0.433123350 0.072038189 0.111388408 -0.000097749 -0.012391792 0.993699729
1341846324.388001 0.032826934 -0.421762586 0.066839270 0.107373752 0.000193070 -0.016308432 0.994085014
1341846324.419908 0.022914883 -0.405223578 0.081482507 0.102859341 0.003137096 -0.019177906 0.994506121
1341846324.452027 0.013238161 -0.404450774 0.080852851 0.097475342 0.003984610 -0.018164299 0.995064199
1341846324.487928 0.009559317 -0.400346190 0.078982949 0.095728561 0.003747895 -0.016038576 0.995271266
1341846324.519985 -0.000441198 -0.386602312 0.079904266 0.094748504 0.001970510 -0.011938902 0.995427728
1341846324.556001 0.000319296 -0.364843994 0.083629534 0.093823656 -0.003436228 -0.007616605 0.995553792
1341846324.587888 0.001264378 -0.350426733 0.089440137 0.090551540 -0.006676847 -0.005645888 0.995853424
1341846324.620086 0.005976714 -0.348116904 0.085183837 0.087799609 -0.009702642 -0.007825524 0.996060193
1341846324.655955 0.010187815 -0.334613323 0.088270873 0.086591214 -0.011020444 -0.009079972 0.996141613
1341846324.688082 0.007257762 -0.333658189 0.091095120 0.085666172 -0.010736794 -0.008021641 0.996233761
1341846324.755922 -0.012490332 -0.295533448 0.084669478 0.087665781 -0.012788765 -0.004890915 0.996055901
1341846324.814016 0.005157372 -0.257746220 0.081424154 0.082686022 -0.019615678 -0.007740489 0.996352613
1341846324.849979 -0.001745298 -0.251145750 0.085469060 0.076654717 -0.016158503 -0.010020314 0.996876419
1341846324.881924 -0.012085066 -0.246299654 0.091851652 0.073766954 -0.016823141 -0.010012007 0.997083366
1341846324.913902 -0.009115008 -0.234211430 0.094882570 0.072909921 -0.018461546 -0.007249253 0.997141361
1341846324.949999 -0.009742058 -0.239041567 0.098785840 0.072895385 -0.018834297 -0.003836657 0.997154415
1341846324.981922 -0.016414726 -0.234087437 0.105917983 0.077274606 -0.021169400 -0.000274231 0.996785104
1341846325.018013 -0.018316377 -0.217361674 0.108421013 0.082421444 -0.026336903 0.001510102 0.996248424
1341846325.050079 -0.024298035 -0.201131999 0.101088963 0.084540553 -0.031162737 0.000352606 0.995932579
1341846325.081901 -0.021813547 -0.181439459 0.096321866 0.084078997 -0.036898814 -0.001470970 0.995774567
1341846325.118531 -0.013275673 -0.166210547 0.096375249 0.080096975 -0.038626991 -0.004287187 0.996029139
1341846325.149933 -0.014233408 -0.164883167 0.100423306 0.073947437 -0.036137622 -0.006066019 0.996588767
1341846325.181925 -0.019352848 -0.157865539 0.100972399 0.070854895 -0.034720208 -0.003612913 0.996875703
1341846325.218055 -0.016671978 -0.151925534 0.105844364 0.067800663 -0.035071157 0.000869394 0.997081935
1341846325.249811 -0.019375760 -0.142358080 0.110212371 0.065799199 -0.035147741 0.004641820 0.997202873
1341846325.285925 -0.017711904 -0.130387038 0.108862460 0.063288935 -0.035932247 0.007676213 0.997318685
1341846325.317988 -0.007119772 -0.135327443 0.106623039 0.060240261 -0.034056250 0.010560489 0.997546852
1341846325.349844 -0.010943397 -0.138479322 0.113576181 0.063287690 -0.028851040 0.012260778 0.997502923
1341846325.387302 -0.006873004 -0.136384159 0.126625314 0.067224339 -0.026951557 0.014705234 0.997265399
1341846325.417931 0.004578189 -0.121413842 0.124694414 0.070852526 -0.021794928 0.018388133 0.997079194
1341846325.450747 0.012269052 -0.131920740 0.122526802 0.074513979 -0.014137766 0.020749064 0.996903837
1341846325.485954 -0.010937545 -0.109731272 0.132666856 0.084744699 -0.005343055 0.022010742 0.996145248
1341846325.517875 -0.011615616 -0.099039473 0.129763916 0.088678733 -0.002703577 0.024638504 0.995751858
1341846325.553859 -0.010703202 -0.095405139 0.129714519 0.091341972 0.000922261 0.024079811 0.995527983
1341846325.585855 -0.018169230 -0.075126275 0.129920885 0.094421685 0.004591082 0.022168219 0.995274901
1341846325.617990 -0.017651811 -0.051626850 0.128430441 0.092414863 0.006170156 0.020916954 0.995481730
1341846325.653982 -0.020517163 -0.070757747 0.139300406 0.087778322 0.008168735 0.018296542 0.995938540
1341846325.685819 -0.021484142 -0.069979616 0.138174385 0.093508035 0.009451280 0.019856984 0.995375633
1341846325.717857 -0.025545565 -0.054162562 0.147643000 0.098389640 0.010700667 0.027073178 0.994722128
1341846325.754083 -0.026594639 -0.055573456 0.144576624 0.101084113 0.010786939 0.030873990 0.994340301
1341846325.786087 -0.028237928 -0.040050276 0.146062627 0.110029109 0.010893195 0.030869244 0.993389189
1341846325.821856 -0.026400266 -0.027084701 0.151779413 0.112588987 0.012947830 0.034037113 0.992974102
1341846325.853827 -0.030964084 -0.022756912 0.148121461 0.112918206 0.013530971 0.037472941 0.992805243
1341846325.885958 -0.040941335 -0.006154010 0.147261634 0.113956235 0.010907164 0.043510705 0.992472649
1341846325.921984 -0.036501605 -0.004012874 0.153904617 0.112775788 0.006555037 0.048035365 0.992437005
1341846325.953899 -0.024349870 -0.000199809 0.155857161 0.115804471 0.006204674 0.049522165 0.992017329
1341846325.985823 -0.029892892 0.013645099 0.161134064 0.119026616 0.009374082 0.053355336 0.991412222
1341846326.021991 -0.034195635 0.015047997 0.164114535 0.121787764 0.009748846 0.059213191 0.990740418
1341846326.054055 -0.028310774 0.025777912 0.158639446 0.126736298 0.008342476 0.063524969 0.989865124
1341846326.089984 -0.025012054 0.049044650 0.159222558 0.130499586 0.010397348 0.062045176 0.989450455
1341846326.121822 -0.029123459 0.058308583 0.165776357 0.130102232 0.015065359 0.059168339 0.989618897
1341846326.154079 -0.034503203 0.059753623 0.173096463 0.130458012 0.017782850 0.057911761 0.989601314
1341846326.190178 -0.037354704 0.069978029 0.173387021 0.132818773 0.017380288 0.060283620 0.989152670
1341846326.222162 -0.040650498 0.088456631 0.164524555 0.132287130 0.015566386 0.066671140 0.988844156
1341846326.259181 -0.036588643 0.111325413 0.170352042 0.130588874 0.012109370 0.070727639 0.988836527
1341846326.322766 -0.031747438 0.135511592 0.178144768 0.123192973 0.011545024 0.068997949 0.989913940
1341846326.359773 -0.029286601 0.140064135 0.180330068 0.118997663 0.012865732 0.067281671 0.990528822
1341846326.392109 -0.022748139 0.132055864 0.183912724 0.116702363 0.014195886 0.068776302 0.990681052
1341846326.423985 -0.034287736 0.140650451 0.188132495 0.121589713 0.015979461 0.073288359 0.989742100
1341846326.459869 -0.033867076 0.156435266 0.188830093 0.124081403 0.013105364 0.077001654 0.989193082
1341846326.526163 -0.023252472 0.192841262 0.190518633 0.124617249 0.014423975 0.076667473 0.989133239
1341846326.560211 -0.024694277 0.199598059 0.197495282 0.118890099 0.018198736 0.078013480 0.989670575
1341846326.591828 -0.026290050 0.202651471 0.201253057 0.115523398 0.020225391 0.079545550 0.989907980
1341846326.627027 -0.024675364 0.218750030 0.203016356 0.115679473 0.021788595 0.078969315 0.989902794
1341846326.658442 -0.029784052 0.234140947 0.209132165 0.113787569 0.026336534 0.076809414 0.990181386
1341846326.694856 -0.039774884 0.244391248 0.218084872 0.109720327 0.030610221 0.077332906 0.990476727
1341846326.726206 -0.039491210 0.265567780 0.217109561 0.104796290 0.031513795 0.075118959 0.991151750
1341846326.762753 -0.035981514 0.267900586 0.221048415 0.096982703 0.034134220 0.073182389 0.992004812
1341846326.826821 -0.041073345 0.295698941 0.227821961 0.081884176 0.039989859 0.070016474 0.993374825
1341846326.858887 -0.041082624 0.300183058 0.232389554 0.072828695 0.041352335 0.068402477 0.994136393
1341846326.895360 -0.046271972 0.295214564 0.234990507 0.069602460 0.041266669 0.070789725 0.994203925
1341846326.926897 -0.043386620 0.307368845 0.232108086 0.072539955 0.037222508 0.069860518 0.994219244
1341846326.958888 -0.037702084 0.322498202 0.227521583 0.075403415 0.034713499 0.072702855 0.993893206
1341846326.994594 -0.032488137 0.335770756 0.223176494 0.076104090 0.034463204 0.074506082 0.993714869
1341846327.026301 -0.030302359 0.355117142 0.225317866 0.074913867 0.035638992 0.072991781 0.993876278
1341846327.063945 -0.029763281 0.355188012 0.229683921 0.070992552 0.038308170 0.070202060 0.994265735
1341846327.094662 -0.034182869 0.362286061 0.236242563 0.070289120 0.040991433 0.067497388 0.994395912
1341846327.128901 -0.035965271 0.372435778 0.242786944 0.069475636 0.041426573 0.066688538 0.994489670
1341846327.161940 -0.035229623 0.386735201 0.236892596 0.068691663 0.039902002 0.066325903 0.994630694
1341846327.193867 -0.029109187 0.398023725 0.241976500 0.068193465 0.040911335 0.065253466 0.994694889
1341846327.229885 -0.028437570 0.410722554 0.239092290 0.069035560 0.044309609 0.063266531 0.994619608
1341846327.262014 -0.019938398 0.416922897 0.246157408 0.067696735 0.048125729 0.059577655 0.994762123
1341846327.294023 0.019551659 0.428823978 0.247874230 0.071820438 0.054871235 0.056134924 0.994323790
1341846327.330015 -0.008505378 0.448856801 0.241363034 0.074527882 0.069801353 0.051606044 0.993433595
1341846327.361939 -0.008732683 0.473329842 0.269388378 0.073883809 0.075569324 0.047388986 0.993269742
1341846327.393887 -0.024668351 0.474042922 0.262260050 0.070542246 0.080221862 0.039701786 0.993484855
1341846327.429966 -0.027123796 0.505341947 0.272005439 0.070804715 0.079372101 0.039998483 0.993522465
1341846327.461965 -0.040052380 0.521680772 0.267514646 0.063688293 0.075802356 0.039811000 0.994290173
1341846327.497931 -0.023967972 0.516734064 0.266361892 0.055844154 0.071986623 0.035255708 0.995216787
1341846327.530068 -0.027719649 0.532057345 0.267320842 0.055218931 0.072734170 0.038787533 0.995065928
1341846327.561895 -0.033393651 0.541333914 0.272844762 0.054048866 0.070549525 0.044649709 0.995041728
1341846327.598010 -0.039218958 0.542176783 0.276794314 0.054402027 0.068043686 0.048495758 0.995016873
1341846327.629945 -0.043264192 0.569889963 0.291248530 0.056911081 0.063424967 0.049117424 0.995151222
1341846327.662003 -0.057527799 0.564408541 0.290139288 0.055288337 0.062730983 0.044222672 0.995516241
1341846327.697919 -0.044246834 0.592877805 0.288113743 0.059031315 0.059543107 0.045896821 0.995421231
1341846327.730075 -0.074133322 0.606443107 0.275936186 0.053945657 0.062863842 0.047504701 0.995430231
1341846327.766017 -0.043578755 0.627451718 0.289732009 0.051302586 0.057363778 0.049109370 0.995824158
1341846327.797917 -0.045692660 0.652468443 0.290438414 0.048960462 0.057108413 0.052089687 0.995805323
1341846327.830054 -0.047633328 0.652717829 0.290449768 0.039960135 0.056729250 0.051599272 0.996254265
1341846327.865944 -0.039299700 0.657322168 0.294213831 0.035511162 0.057291187 0.049896922 0.996477306
1341846327.898010 -0.043181349 0.674591899 0.304698467 0.034026843 0.058573410 0.051853538 0.996354699
1341846327.929991 -0.041417446 0.683952451 0.305335552 0.029226713 0.056713857 0.049603786 0.996729076
1341846327.966065 -0.046042208 0.695215344 0.299504608 0.024847360 0.057482932 0.047438167 0.996909261
1341846327.998073 -0.048716821 0.702683210 0.300397903 0.017325545 0.058988754 0.043931656 0.997141004
1341846328.034045 -0.046180498 0.707921147 0.302411884 0.011274841 0.059645981 0.042289920 0.997259736
1341846328.065993 -0.048860345 0.707100570 0.300166637 0.005308067 0.060676448 0.042801730 0.997225285
1341846328.098045 -0.050084088 0.690333307 0.304643631 0.002742912 0.061481223 0.043656353 0.997149289
1341846328.133967 -0.051524337 0.691185892 0.303812116 0.006311391 0.060263887 0.047067642 0.997052252
1341846328.166023 -0.052354820 0.692630649 0.300157607 0.006498449 0.056894667 0.048712932 0.997169912
1341846328.198018 -0.051720303 0.672378778 0.293502688 0.004561925 0.054114759 0.045688838 0.997478485
1341846328.234044 -0.051098593 0.660348237 0.291738927 0.007527842 0.052558634 0.044581726 0.997593820
1341846328.265899 -0.051780373 0.649802864 0.289949149 0.009315234 0.050796099 0.045239042 0.997640491
1341846328.302051 -0.065604396 0.633516788 0.286643147 0.012280968 0.053153735 0.044448223 0.997521043
1341846328.333917 -0.068078741 0.625973046 0.294031233 0.016471459 0.052869834 0.048470993 0.997288406
1341846328.366008 -0.066715062 0.600337744 0.294567496 0.021585317 0.052842263 0.044955682 0.997356892
1341846328.402010 -0.065042928 0.570104241 0.282575577 0.032734212 0.054746181 0.047499824 0.996832550
1341846328.433920 -0.060087796 0.569066703 0.269248515 0.037651885 0.051949322 0.048468199 0.996762037
1341846328.470003 -0.055321939 0.528905153 0.263940394 0.034596827 0.051083855 0.039343741 0.997319221
1341846328.502194 -0.051885106 0.500110745 0.259865135 0.035183970 0.053439733 0.031135632 0.997465253
1341846328.534033 -0.048247080 0.477895498 0.257708013 0.035819922 0.056033716 0.028765740 0.997371435
1341846328.570125 -0.053052887 0.420012146 0.242101759 0.030165521 0.057442468 0.031571507 0.997393429
1341846328.602804 -0.062787354 0.396081418 0.239777833 0.035526726 0.053014919 0.035272069 0.997338057
1341846328.672663 -0.056110445 0.355792820 0.224408120 0.045565803 0.039700732 0.031923912 0.997661531
1341846328.702975 -0.044570625 0.342004448 0.230375171 0.048964854 0.035108659 0.031131973 0.997697651
1341846328.770129 -0.038542248 0.307132781 0.239805862 0.057705451 0.031945720 0.027050732 0.997455716
1341846328.802331 -0.017648704 0.308132201 0.227572247 0.061684150 0.025253357 0.028377663 0.997372627
1341846328.838051 -0.008140284 0.289378583 0.230968833 0.065559141 0.022102671 0.026124980 0.997261763
1341846328.869939 -0.008427341 0.292009443 0.226386219 0.066515714 0.021179112 0.024655690 0.997255862
1341846328.904486 -0.013208860 0.271934479 0.224064112 0.061330713 0.018888690 0.024234690 0.997644484
1341846328.939814 -0.021950843 0.222517416 0.215671301 0.059114750 0.018500376 0.023100197 0.997812450
1341846328.970217 -0.013142054 0.233900174 0.229521483 0.067444481 0.014462426 0.028033655 0.997224331
1341846329.006232 -0.005131436 0.230258152 0.218885824 0.069502510 0.011124011 0.031938042 0.997008383
1341846329.038243 0.006677145 0.209719926 0.212516338 0.072625600 0.009283673 0.031972326 0.996803463
1341846329.106125 -0.011749829 0.181934580 0.193149522 0.071415268 0.012563533 0.030746292 0.996893525
1341846329.138340 -0.003433817 0.165167227 0.193542913 0.072216794 0.010682599 0.029457001 0.996896684
1341846329.169991 -0.003510779 0.163328558 0.185982406 0.074627645 0.009742655 0.027859142 0.996774673
1341846329.208656 -0.003561245 0.155328855 0.184664011 0.075195193 0.009033116 0.026600515 0.996773064
1341846329.238169 0.001269632 0.154106349 0.181948394 0.074783169 0.007499246 0.027152067 0.996801913
1341846329.273827 -0.001899327 0.136670366 0.183566034 0.072379090 0.007109133 0.026779404 0.996992290
1341846329.306052 -0.004377220 0.132730186 0.176033467 0.073228136 0.004891461 0.026457606 0.996952295
1341846329.338104 0.002375666 0.130744532 0.174651161 0.069624700 0.002482113 0.024456399 0.997270346
1341846329.373907 0.002499609 0.107747890 0.172046572 0.065246820 0.001833055 0.023055812 0.997601092
1341846329.405985 0.001540722 0.096008316 0.168225646 0.066229083 0.000653975 0.020059029 0.997602642
1341846329.442057 0.002310876 0.097505525 0.165293664 0.066096343 0.000147933 0.016706750 0.997673452
1341846329.473950 0.001406492 0.079406433 0.160821050 0.064343445 -0.000952931 0.010644385 0.997870624
1341846329.506147 0.000731331 0.073674127 0.157473296 0.064757347 -0.002724537 0.007593977 0.997868419
1341846329.542121 -0.004074141 0.060311679 0.156205922 0.062720738 -0.005490505 0.007170365 0.997990251
1341846329.574086 0.004344816 0.041095793 0.153494045 0.064419642 -0.008484408 0.006644836 0.997864723
1341846329.606387 0.002850180 0.041266426 0.145994365 0.067486592 -0.008428630 0.004558939 0.997674167
1341846329.641955 -0.002295780 0.037942357 0.146017343 0.067539141 -0.009255881 0.004825199 0.997662067
1341846329.681570 0.012951422 0.054830212 0.152602330 0.071950585 -0.015156646 0.004131713 0.997284472
1341846329.681570 0.014089110 0.054025583 0.152889401 0.071821898 -0.015404630 0.004212546 0.997289658
1341846329.748113 0.021192253 0.050154664 0.150635824 0.074393436 -0.015850505 0.001814900 0.997101426
1341846329.810175 0.002758527 -0.010820307 0.137913868 0.065642722 -0.009651252 0.007710963 0.997766733
1341846329.842255 0.000821231 -0.019383512 0.139855593 0.067416549 -0.009438267 0.011022745 0.997619390
1341846329.874044 0.011344206 0.002967727 0.155470967 0.074430622 -0.011967378 0.013525600 0.997062683
1341846329.910073 0.015125669 0.010848964 0.141876221 0.075584926 -0.012553954 0.015239509 0.996943951
1341846329.942009 0.015237155 0.010684411 0.144502163 0.071205460 -0.013286604 0.020707591 0.997158229
1341846329.978087 0.011295551 -0.026168890 0.158698797 0.066864327 -0.013853585 0.021184187 0.997440994
1341846330.016305 0.014697818 -0.012761666 0.148449883 0.069707640 -0.012479908 0.019939397 0.997290134
1341846330.016305 0.022179425 -0.009858012 0.139129654 0.070299581 -0.013220289 0.020316543 0.997231424
1341846330.048192 0.013200979 -0.001348010 0.141985506 0.067068622 -0.011149767 0.021557882 0.997453153
1341846330.080418 0.011938809 -0.033706591 0.152016178 0.060523566 -0.011539163 0.022368150 0.997849405
1341846330.115886 0.011020352 -0.049569361 0.153501466 0.063166596 -0.009795988 0.023718331 0.997673035
1341846330.147839 0.008154976 -0.033873614 0.149234369 0.066364586 -0.009553945 0.025314428 0.997428596
1341846330.181257 0.009182930 -0.017571935 0.144951493 0.062373195 -0.010511001 0.028721543 0.997584224
1341846330.215852 0.008842058 -0.036811262 0.148155048 0.054616913 -0.009380105 0.028141441 0.998066664
1341846330.247833 0.010528366 -0.034213297 0.128407627 0.053773072 -0.008889035 0.028071711 0.998118937
1341846330.283913 0.003681953 -0.027817715 0.139974356 0.049991082 -0.009282204 0.027578296 0.998325706
1341846330.316011 0.000739429 -0.046252318 0.145253971 0.042431779 -0.009876818 0.026085077 0.998709977
1341846330.347868 0.000446040 -0.056441441 0.140706152 0.039460022 -0.011788377 0.025922194 0.998815358
1341846330.383835 0.008967854 -0.046206344 0.123756550 0.039073754 -0.012645268 0.027730968 0.998771429
1341846330.415934 0.005256688 -0.059806600 0.132567197 0.038348578 -0.011458675 0.025478123 0.998873889
1341846330.452561 0.001438145 -0.064592272 0.128259227 0.040951055 -0.011614668 0.024077917 0.998803556
1341846330.483903 -0.009077452 -0.062039461 0.132074341 0.040732805 -0.012872243 0.026575079 0.998733699
1341846330.515970 -0.001657305 -0.069459133 0.123117901 0.039420646 -0.015989229 0.029713763 0.998652875
1341846330.552099 -0.006654447 -0.076016016 0.134215072 0.040187161 -0.016865846 0.032043308 0.998535812
1341846330.583876 -0.010669007 -0.063456036 0.131172374 0.040410437 -0.016849743 0.032272212 0.998519719
1341846330.619992 -0.018052751 -0.054780595 0.121554725 0.036323313 -0.017370539 0.031401798 0.998695612
1341846330.652136 -0.012642936 -0.063764788 0.115112439 0.028981732 -0.019617831 0.029939320 0.998938859
1341846330.683796 -0.014882038 -0.068160675 0.116485231 0.024040071 -0.019438487 0.028860796 0.999105275
1341846330.719991 -0.021513674 -0.084942833 0.109913982 0.020455590 -0.021348570 0.030175012 0.999107301
1341846330.752103 -0.023881204 -0.089119181 0.107050583 0.022153547 -0.025587704 0.034681901 0.998825192
1341846330.787952 -0.028677899 -0.078704543 0.106025793 0.024036191 -0.030365549 0.038766429 0.998497605
1341846330.819823 -0.027242262 -0.078730129 0.101406984 0.023825668 -0.034787394 0.038278926 0.998377144
1341846330.852208 -0.026051423 -0.070011973 0.098904848 0.023710864 -0.036885571 0.039746739 0.998247266
1341846330.914111 -0.034971293 -0.056754056 0.090417989 0.014828799 -0.039529469 0.039184492 0.998339713
1341846330.949903 -0.036881119 -0.072454825 0.089793950 0.010734399 -0.040808994 0.039210420 0.998339653
1341846330.981986 -0.042041857 -0.070967413 0.088798247 0.011746677 -0.045485847 0.039773248 0.998103857
1341846331.014111 -0.043914557 -0.064436600 0.086741082 0.011917354 -0.049083382 0.039228458 0.997952878
1341846331.082139 -0.040577706 -0.063540064 0.067207672 0.014226524 -0.052266814 0.036257267 0.997873425
1341846331.114334 -0.040361922 -0.062656678 0.063127525 0.013919679 -0.054689854 0.036468249 0.997740149
1341846331.149989 -0.039275981 -0.069317326 0.066939481 0.014094746 -0.055769932 0.034824200 0.997736633
1341846331.181954 -0.048934788 -0.077847019 0.073876932 0.016319674 -0.055456292 0.032907583 0.997785211
1341846331.218151 -0.056334499 -0.062203836 0.073270306 0.017016096 -0.058255494 0.033926256 0.997579992
1341846331.249914 -0.042184304 -0.072774284 0.080250457 0.014112108 -0.061405219 0.032326814 0.997489452
1341846331.318141 -0.028423574 -0.062038835 0.063429281 0.026156595 -0.051908847 0.029976094 0.997859061
1341846331.349926 -0.023709398 -0.062650912 0.057849154 0.024848616 -0.049401682 0.029001009 0.998048663
1341846331.382003 -0.016555937 -0.099207595 0.059435498 0.024081226 -0.042305794 0.025467208 0.998489738
1341846331.418008 -0.031381644 -0.082352959 0.071068041 0.033858199 -0.030372798 0.023416169 0.998690605
1341846331.450327 -0.033764765 -0.073561981 0.085050419 0.035908386 -0.025287544 0.025187824 0.998717606
1341846331.486219 -0.042383216 -0.067927249 0.092206612 0.036231078 -0.022750637 0.026117641 0.998742998
1341846331.518344 -0.030468939 -0.071664415 0.095570587 0.034653500 -0.022637824 0.024876459 0.998833239
1341846331.550202 -0.024118414 -0.082362182 0.098980621 0.036211718 -0.018219717 0.023372477 0.998904705
1341846331.586139 -0.034151331 -0.065219119 0.109924264 0.039652362 -0.016296009 0.024676656 0.998775899
1341846331.617931 -0.017393215 -0.060550783 0.127835944 0.038648598 -0.018341705 0.026956018 0.998720825
1341846331.654027 -0.009092676 -0.068805851 0.134946927 0.038724236 -0.016240275 0.027958481 0.998726785
1341846331.686123 -0.019819133 -0.049118675 0.141360149 0.042591244 -0.012136425 0.030145541 0.998564005
1341846331.717954 -0.027398877 -0.042640407 0.150236636 0.039580967 -0.012887398 0.029737717 0.998690605
1341846331.754076 -0.014270918 -0.054677807 0.158711821 0.036437836 -0.012969336 0.028541869 0.998844147
1341846331.785920 -0.004130060 -0.050729159 0.155683026 0.040103801 -0.010949879 0.028118951 0.998739779
1341846331.818053 -0.015216136 -0.046689209 0.186294496 0.040345136 -0.008489155 0.027436228 0.998772979
1341846331.853849 -0.010693690 -0.058547169 0.194667429 0.038081601 -0.008619281 0.026530834 0.998885274
1341846331.885987 -0.003597688 -0.058933292 0.207035869 0.041084968 -0.006239200 0.024902565 0.998825848
1341846331.922014 -0.002072937 -0.041481357 0.203864142 0.044623658 -0.002822451 0.024513837 0.998699069
1341846331.954037 -0.000184223 -0.044037633 0.225537792 0.043807101 -0.000169985 0.025496542 0.998714685
1341846331.986135 0.008976544 -0.054152247 0.231142715 0.045797534 0.004975385 0.027107721 0.998570502
1341846332.022364 -0.004229090 -0.060101829 0.244879827 0.052619986 0.011110794 0.026619706 0.998197973
1341846332.054175 -0.008362928 -0.061261121 0.271207333 0.058672164 0.011055658 0.027516127 0.997836828
1341846332.086502 -0.005162065 -0.059237469 0.277880609 0.061595120 0.010889573 0.029032741 0.997619510
1341846332.122051 -0.007056593 -0.054612845 0.293130726 0.063665569 0.012219452 0.027923832 0.997505784
1341846332.153983 -0.008508706 -0.035370421 0.301429629 0.063054748 0.011367456 0.027677463 0.997561514
1341846332.190165 -0.010937503 -0.034921166 0.323300213 0.056123365 0.009809455 0.024248838 0.998081148
1341846332.254145 -0.012571303 -0.057428975 0.349575162 0.055247523 0.010605321 0.021855105 0.998177171
1341846332.289948 -0.019284952 -0.051947560 0.353011489 0.057585850 0.010938811 0.023836482 0.997996032
1341846332.322172 -0.013768613 -0.054052450 0.367285907 0.058158468 0.009769129 0.026344202 0.997911930
1341846332.354003 -0.004190858 -0.058187835 0.374056906 0.060578343 0.010897724 0.023835676 0.997819364
1341846332.390180 -0.005481608 -0.044594899 0.388024241 0.062984981 0.015704943 0.020667860 0.997676909
1341846332.422055 -0.010508249 -0.042615239 0.400716484 0.061171427 0.018540122 0.017482718 0.997801960
1341846332.458114 -0.007406206 -0.049018893 0.409647465 0.059977219 0.021038705 0.013218084 0.997890532
1341846332.489993 -0.013818871 -0.041108780 0.423595279 0.061707355 0.023015117 0.015355571 0.997710764
1341846332.522130 -0.021971874 -0.038769372 0.436150908 0.060958084 0.019557064 0.021067126 0.997726321
1341846332.558114 -0.019126963 -0.040354509 0.442671627 0.061096404 0.013845142 0.027477173 0.997657597
1341846332.589874 -0.007707597 -0.030859768 0.420817882 0.061270576 0.010144718 0.031729698 0.997565150
1341846332.621889 -0.007772919 -0.022350766 0.424833626 0.057493176 0.010341874 0.033415239 0.997732997
1341846332.658202 -0.002233905 -0.029582107 0.444540322 0.052803028 0.010744235 0.030823981 0.998071313
1341846332.690001 -0.005234345 -0.025320547 0.452189952 0.051020265 0.012399885 0.031756386 0.998115599
1341846332.726000 -0.004389851 -0.028255241 0.465400249 0.050097872 0.010854390 0.036497269 0.998018205
1341846332.758386 0.000435557 -0.028203033 0.470758915 0.050478864 0.008081547 0.038020026 0.997968495
1341846332.789937 0.008694212 -0.020514200 0.475056678 0.050214749 0.008413673 0.036140718 0.998048902
1341846332.825925 0.009904034 -0.020981738 0.488390863 0.047983948 0.011349313 0.034971152 0.998171210
1341846332.857898 0.015823301 -0.023354130 0.501698613 0.048748013 0.011993490 0.035100203 0.998122156
1341846332.894069 0.013582683 -0.009955836 0.509576201 0.049401950 0.012310632 0.034913532 0.998092711
1341846332.926029 0.020398710 -0.005368342 0.515758455 0.046095800 0.012421191 0.032076515 0.998344660
1341846332.958015 0.024070047 -0.006251058 0.524029553 0.042569108 0.014722462 0.029504107 0.998549342
1341846332.994073 0.028998261 -0.005682761 0.533824801 0.039435193 0.015284283 0.028670998 0.998693824
1341846333.026545 0.036100596 -0.002955329 0.542796075 0.036942631 0.015834980 0.025931660 0.998855412
1341846333.057998 0.044117711 -0.004011001 0.547856152 0.035630241 0.017414777 0.027000807 0.998848438
1341846333.094024 0.044066701 -0.002598066 0.558638155 0.036277100 0.019310886 0.030472107 0.998690486
1341846333.126095 0.047482513 0.002590192 0.566472292 0.037075367 0.021314345 0.032449208 0.998558104
1341846333.161973 0.051974121 0.007341862 0.566230774 0.035930905 0.023562083 0.033842828 0.998503149
1341846333.195660 0.051612660 0.011397018 0.575939238 0.033818576 0.025981713 0.035818562 0.998447955
1341846333.226331 0.050072894 0.010622485 0.579568267 0.032055099 0.027199255 0.035414457 0.998488128
1341846333.262056 0.048121553 0.031869560 0.590793490 0.031754442 0.027787255 0.032588899 0.998577774
1341846333.294147 0.049074069 0.029217180 0.599419832 0.028110776 0.027827894 0.032183778 0.998699009
1341846333.326100 0.055753194 0.033347234 0.603737056 0.026854636 0.025556574 0.031066278 0.998829603
1341846333.362100 0.056974191 0.039493650 0.604695559 0.023890007 0.025240729 0.029098751 0.998972178
1341846333.394119 0.056378562 0.033349313 0.609897971 0.019947695 0.024188232 0.028097739 0.999113441
1341846333.429974 0.060284901 0.038986094 0.613775611 0.019835500 0.022141675 0.027856069 0.999169827
1341846333.462115 0.066330381 0.032634087 0.614109933 0.019492444 0.021676010 0.027935626 0.999184608
1341846333.494040 0.080705397 0.023958845 0.618760645 0.017364977 0.019686138 0.028983889 0.999235153
1341846333.529953 0.077048764 0.023616491 0.617953718 0.018228978 0.022196779 0.028898776 0.999169648
1341846333.562063 0.077292822 0.026819061 0.620915830 0.019208759 0.024132770 0.030586960 0.999056101
1341846333.594090 0.073916838 0.034686599 0.621100426 0.018822562 0.023415599 0.031517286 0.999051630
1341846333.629994 0.072709784 0.037547503 0.620944500 0.015313437 0.021017672 0.030473690 0.999197245
1341846333.662127 0.074347466 0.035479333 0.616566956 0.011912772 0.019687053 0.029595155 0.999297082
1341846333.697964 0.073793940 0.026768919 0.617423236 0.009287984 0.019932512 0.030543281 0.999291539
1341846333.730092 0.077165149 0.026587227 0.614870429 0.012044375 0.019622421 0.031332895 0.999243855
1341846333.762089 0.075364217 0.028968155 0.612400174 0.014062561 0.020567020 0.032972161 0.999145746
1341846333.798006 0.075053573 0.023448071 0.609135807 0.014777884 0.021019151 0.032527767 0.999140561
1341846333.830055 0.073414207 0.024027996 0.604077458 0.017565992 0.022685524 0.030591454 0.999120176
1341846333.866045 0.069950104 0.025135310 0.599203408 0.018920258 0.024253564 0.029310491 0.999096990
1341846333.897987 0.069806650 0.021727107 0.596458793 0.020407757 0.024047766 0.027953980 0.999111533
1341846333.930099 0.067050308 0.017800583 0.588701487 0.022863122 0.025368903 0.027117766 0.999048710
1341846333.965889 0.064859219 0.017612992 0.583328724 0.025089961 0.026379896 0.027311506 0.998963833
1341846333.997985 0.066615447 0.014385309 0.578141034 0.027816851 0.026929973 0.026523583 0.998898149
1341846334.030076 0.059804212 0.016677057 0.571693063 0.031415690 0.028947011 0.027635666 0.998704910
1341846334.066000 0.055114951 0.014990542 0.565261602 0.032888148 0.029028639 0.029137228 0.998612404
1341846334.097932 0.057720147 0.013284788 0.558522344 0.034869086 0.028423410 0.028586412 0.998578548
1341846334.133884 0.053593639 0.013212055 0.552575171 0.036223184 0.029634558 0.029124945 0.998479605
1341846334.166115 0.041992124 0.014035781 0.546692669 0.037039358 0.029858479 0.029014474 0.998446167
1341846334.198072 0.040226687 0.010966727 0.540588260 0.037253663 0.028168146 0.027860584 0.998520195
1341846334.234097 0.042216815 0.013245577 0.534984112 0.037819959 0.028452670 0.026734829 0.998521626
1341846334.266045 0.034272287 0.010152057 0.532323658 0.037724424 0.030522045 0.027329681 0.998448014
1341846334.297946 0.029170489 0.012663297 0.519421697 0.039268978 0.029258315 0.029498972 0.998364568
1341846334.334036 0.029713539 0.012953282 0.513054073 0.039700102 0.027542451 0.029347477 0.998400807
1341846334.365871 0.031949833 0.013745407 0.502816975 0.039101675 0.027134269 0.027420806 0.998490334
1341846334.401845 0.027279017 0.014890092 0.498113275 0.037869703 0.028261162 0.026564183 0.998529732
1341846334.433864 0.019687494 0.007912125 0.489402354 0.037499610 0.027725821 0.026766142 0.998553336
1341846334.466105 0.020936947 0.010656924 0.480336457 0.038340129 0.025771940 0.027562337 0.998552084
1341846334.502142 0.011173227 0.014604351 0.480307460 0.037537333 0.025046092 0.028408131 0.998577356
1341846334.540153 0.014086546 0.011568205 0.469422072 0.036757387 0.023261739 0.026987711 0.998688936
1341846334.602351 0.004470328 0.019665012 0.449054629 0.032416884 0.019922141 0.020445397 0.999066651
1341846334.670161 -0.000586544 0.016461102 0.436626047 0.027025556 0.017185414 0.013028306 0.999402165
1341846334.702085 -0.005194834 0.010869365 0.424754143 0.025209220 0.015119862 0.013008574 0.999483228
1341846334.734751 -0.011510979 0.009478433 0.417744130 0.025432995 0.013247943 0.014410222 0.999484956
1341846334.770889 -0.015169120 0.009263909 0.408641964 0.025279172 0.011469469 0.017650733 0.999458790
1341846334.802194 -0.022642421 0.011822392 0.403015018 0.025206842 0.009043596 0.018208371 0.999475539
1341846334.833908 -0.020822465 0.013300119 0.391732305 0.024788091 0.007240339 0.016607275 0.999528587
1341846334.869874 -0.023365909 0.015270718 0.379714996 0.023135474 0.007010503 0.016732005 0.999567807
1341846334.902006 -0.027812757 0.010771465 0.363191426 0.021172328 0.005429890 0.016659679 0.999622285
1341846334.938010 -0.032102689 0.009931214 0.360527694 0.020611068 0.002417691 0.016164927 0.999653995
1341846334.970032 -0.026241466 0.007656723 0.352136552 0.020364232 0.000861846 0.015350271 0.999674439
1341846335.002203 -0.041794926 0.007220947 0.339162290 0.022115739 0.002817183 0.017791120 0.999593139
1341846335.037880 -0.046510376 0.008997149 0.316662639 0.024701811 -0.000055925 0.020128865 0.999492228
1341846335.069990 -0.044721451 0.011876144 0.315049857 0.025132848 -0.003498118 0.020336799 0.999471128
1341846335.106038 -0.039879419 0.008909076 0.304547608 0.025078492 -0.002744208 0.018776733 0.999505401
1341846335.138045 -0.051386233 0.007026477 0.297621012 0.026784832 -0.000813509 0.017802916 0.999482393
1341846335.169900 -0.053233501 0.013298051 0.282759190 0.027396271 -0.003934401 0.018190866 0.999451458
1341846335.206091 -0.054587860 0.013911386 0.275629312 0.026998952 -0.005481048 0.014970321 0.999508321
1341846335.239365 -0.050102398 0.008999793 0.269584030 0.026574841 -0.004952312 0.012653032 0.999554515
1341846335.269948 -0.057632446 0.006552928 0.257674813 0.028211871 -0.002918316 0.011300066 0.999533892
1341846335.305972 -0.063702531 0.006494092 0.247025743 0.030162275 -0.004218165 0.012368020 0.999459624
1341846335.338012 -0.058518074 0.006414671 0.238112405 0.031656839 -0.006254371 0.014125462 0.999379456
1341846335.374005 -0.055824753 -0.002639160 0.229334787 0.035614159 -0.004538628 0.015044834 0.999242067
1341846335.406025 -0.058251631 -0.001121607 0.220464975 0.042705249 -0.001940413 0.017340017 0.998935342
1341846335.438079 -0.063358977 0.003812694 0.209731713 0.048148397 -0.000873312 0.020285536 0.998633862
1341846335.473998 -0.059878428 0.009899065 0.200134337 0.050920144 0.000419730 0.021487268 0.998471498
1341846335.507038 -0.059418704 0.013389936 0.186381876 0.051876582 0.002926790 0.019726411 0.998454392
1341846335.538040 -0.067148142 0.019226121 0.182701334 0.051476978 0.005796196 0.017752226 0.998499632
1341846335.574119 -0.071694784 0.024411120 0.171006054 0.049229302 0.005839697 0.018134998 0.998605847
1341846335.605970 -0.073338509 0.017826349 0.166716769 0.047558464 0.005123185 0.016992597 0.998710811
1341846335.641978 -0.068790920 0.020264551 0.151559651 0.048806854 0.006044556 0.014575337 0.998683631
1341846335.673993 -0.075508229 0.022754449 0.141268969 0.048568048 0.007132910 0.014437226 0.998690069
1341846335.706178 -0.073327713 0.026753888 0.121263579 0.048455618 0.005642764 0.015044326 0.998696089
1341846335.741982 -0.070214570 0.025304360 0.109780803 0.048895035 0.005162200 0.014551236 0.998684585
1341846335.773960 -0.076310582 0.032373749 0.099296570 0.049424134 0.006126700 0.014054909 0.998660266
1341846335.806271 -0.078318290 0.035960887 0.087357894 0.047355995 0.005636874 0.014168330 0.998761714
1341846335.842031 -0.074923813 0.030129388 0.081264928 0.044944387 0.006044046 0.014190588 0.998870432
1341846335.873966 -0.074882895 0.028749185 0.069268338 0.045878045 0.007558872 0.013288266 0.998830080
1341846335.910005 -0.082639076 0.036790606 0.058642082 0.045839787 0.007893120 0.015317413 0.998800218
1341846335.941936 -0.085199878 0.033562034 0.048464812 0.044419453 0.005698203 0.016184555 0.998865664
1341846335.974198 -0.089168027 0.024430647 0.038242791 0.043189466 0.005309781 0.012987428 0.998968363
1341846336.010032 -0.091198154 0.027270574 0.029628715 0.042976949 0.005085233 0.012544915 0.998984396
1341846336.042129 -0.097053453 0.027365949 0.013625355 0.041991223 0.004187998 0.012484828 0.999031186
1341846336.078076 -0.096297204 0.023179166 0.006026494 0.041705120 0.001898566 0.011789175 0.999058664
1341846336.110739 -0.098341264 0.025424752 -0.000588838 0.042470198 0.001995434 0.009811846 0.999047577
1341846336.142002 -0.106634960 0.024721626 -0.012571118 0.042141467 0.002279782 0.011251887 0.999045730
1341846336.183953 -0.111745633 0.028250271 -0.022913704 0.041897979 -0.000221604 0.012099327 0.999048650
1341846336.241891 -0.111120105 0.028213672 -0.033426378 0.039867401 -0.001156219 0.011607948 0.999136984
1341846336.277946 -0.116082661 0.025121618 -0.034485392 0.040198412 -0.001091478 0.014358314 0.999087989
1341846336.309977 -0.124272853 0.025931688 -0.043113090 0.043491598 -0.002821411 0.015286912 0.998932898
1341846336.346143 -0.118948877 0.031703040 -0.053625882 0.045295369 -0.005227607 0.018109981 0.998795807
1341846336.377975 -0.114794083 0.029370207 -0.065177806 0.045640770 -0.005288473 0.018221278 0.998777747
1341846336.410032 -0.124706209 0.033470832 -0.071531251 0.047123112 -0.003633803 0.016490875 0.998746395
1341846336.446041 -0.120141573 0.036672048 -0.088510640 0.046303984 -0.004996431 0.018614318 0.998741508
1341846336.477990 -0.127645537 0.039144486 -0.085619219 0.046140015 -0.004138360 0.016219154 0.998794794
1341846336.510056 -0.124903433 0.033843037 -0.093832038 0.045618974 -0.004063007 0.018001974 0.998788476
1341846336.546024 -0.130187124 0.034355313 -0.098711245 0.046856984 -0.003699055 0.019184677 0.998710513
1341846336.578003 -0.133866489 0.042809192 -0.107184187 0.047122285 -0.003902885 0.020658491 0.998667836
1341846336.614020 -0.130328894 0.042770736 -0.108211532 0.046530206 -0.003531026 0.019407166 0.998722136
1341846336.645982 -0.140767291 0.049459185 -0.113077186 0.045614690 -0.001550342 0.018954173 0.998778105
1341846336.678036 -0.139523417 0.046083767 -0.119753003 0.043459546 -0.004053629 0.020571884 0.998835146
1341846336.714024 -0.145768851 0.037687365 -0.113721296 0.044676039 -0.006014262 0.019719353 0.998788774
1341846336.746016 -0.150537983 0.030797502 -0.131636530 0.047777064 -0.007548136 0.022059275 0.998585880
1341846336.778014 -0.156607613 0.040849674 -0.132021278 0.051283810 -0.011734000 0.025625497 0.998286366
1341846336.820006 -0.148432285 0.043052841 -0.145686403 0.051562931 -0.016319092 0.028174374 0.998138845
1341846336.882056 -0.157654241 0.041505326 -0.156712905 0.054296516 -0.017902939 0.026542706 0.998011470
1341846336.914273 -0.165395141 0.037520014 -0.160480633 0.056755867 -0.022121115 0.027899686 0.997752964
1341846336.945998 -0.156472251 0.029877925 -0.174237788 0.062532470 -0.029543791 0.030039094 0.997153223
1341846336.981980 -0.166473255 0.049657661 -0.181875095 0.066937000 -0.032356106 0.028256558 0.996832073
1341846337.014238 -0.163921863 0.057751343 -0.183670685 0.064340681 -0.035517056 0.025538638 0.996968746
1341846337.046017 -0.160134524 0.058765769 -0.181378484 0.062291842 -0.037033625 0.021505641 0.997138798
1341846337.082104 -0.172918752 0.054603435 -0.182483763 0.061526809 -0.036661416 0.017505987 0.997278273
1341846337.114317 -0.174018458 0.049135812 -0.194882452 0.058994893 -0.038795456 0.017146943 0.997356772
1341846337.150037 -0.171692014 0.051782198 -0.193518043 0.057695486 -0.040870186 0.015541140 0.997376263
1341846337.181873 -0.161356255 0.050542496 -0.199748635 0.057108741 -0.041031316 0.012458145 0.997446656
1341846337.214073 -0.169339329 0.062333696 -0.200604066 0.055284586 -0.039165229 0.010470217 0.997647285
1341846337.250087 -0.179057226 0.046315487 -0.209956080 0.051560320 -0.040429603 0.012103613 0.997777820
1341846337.282028 -0.178019673 0.049917359 -0.211393476 0.053288881 -0.044816151 0.015193844 0.997457266
1341846337.317920 -0.164943829 0.056127343 -0.211922407 0.053269375 -0.047036804 0.015851103 0.997345805
1341846337.350018 -0.172770023 0.062444709 -0.215791881 0.051814973 -0.045868140 0.015552967 0.997481585
1341846337.382159 -0.168828323 0.053416796 -0.219800189 0.048418261 -0.045697391 0.013736076 0.997686744
1341846337.417941 -0.174013600 0.046473388 -0.221935287 0.048958186 -0.044691313 0.014283524 0.997698247
1341846337.450137 -0.175767586 0.055788461 -0.228966117 0.049962550 -0.046522342 0.015127609 0.997552335
1341846337.482096 -0.167688027 0.052740917 -0.233906940 0.048136093 -0.047247402 0.015849173 0.997596860
1341846337.518008 -0.174908429 0.047403429 -0.225525618 0.049204465 -0.047493655 0.015762307 0.997534394
1341846337.549978 -0.177375868 0.058603264 -0.230550662 0.050138224 -0.048042037 0.013726444 0.997491717
1341846337.585971 -0.173861191 0.050014488 -0.234345078 0.046396513 -0.048490331 0.012978734 0.997661114
1341846337.617903 -0.170002580 0.034497581 -0.221863389 0.047125112 -0.049418025 0.013474898 0.997574866
1341846337.650141 -0.171326041 0.050893947 -0.231953248 0.050526079 -0.049662866 0.013010981 0.997402370
1341846337.686352 -0.175373167 0.056500636 -0.229874283 0.049074631 -0.049041793 0.012863789 0.997507453
1341846337.718002 -0.168251485 0.051633168 -0.225750208 0.046828438 -0.049142454 0.013100361 0.997607410
1341846337.749920 -0.169323310 0.055918366 -0.215194643 0.046877973 -0.047033090 0.012229709 0.997717798
1341846337.786157 -0.168091103 0.063007936 -0.219462425 0.043788128 -0.044048328 0.012386169 0.997992456
1341846337.817945 -0.160459965 0.055213049 -0.208897412 0.041061573 -0.042640924 0.014480279 0.998141289
1341846337.854071 -0.159901440 0.063423179 -0.204221383 0.040251479 -0.039203640 0.013726698 0.998325884
1341846337.885951 -0.165232033 0.069891423 -0.202676564 0.037167232 -0.036327597 0.012024573 0.998576164
1341846337.918223 -0.158841744 0.067849278 -0.199099302 0.032728679 -0.035382576 0.009416132 0.998793423
1341846337.954120 -0.161092132 0.066088423 -0.187605798 0.030309621 -0.033729188 0.008960984 0.998931110
1341846337.985994 -0.156704694 0.075899258 -0.185264513 0.027917273 -0.033300094 0.009528667 0.999010026
1341846338.018107 -0.155155733 0.068571374 -0.176454559 0.023999706 -0.031529751 0.010370106 0.999160826
1341846338.054055 -0.152327791 0.076712392 -0.174087197 0.022047214 -0.030112831 0.009298228 0.999260068
1341846338.085986 -0.145036206 0.072437055 -0.161250278 0.017975643 -0.027421461 0.009664780 0.999415636
1341846338.121875 -0.149142519 0.069576323 -0.152831793 0.016170943 -0.024729388 0.011171772 0.999500990
1341846338.154089 -0.152174622 0.069533944 -0.145546764 0.015224702 -0.024025911 0.014900025 0.999484360
1341846338.186029 -0.148131445 0.070767887 -0.136555269 0.014207653 -0.024673540 0.016887922 0.999451935
1341846338.222071 -0.139872134 0.075431824 -0.130714029 0.012997033 -0.024039583 0.016518408 0.999490023
1341846338.254107 -0.140248492 0.070271492 -0.116809018 0.010946255 -0.022201268 0.017090030 0.999547601
1341846338.290130 -0.138506189 0.068227954 -0.108289391 0.011362739 -0.022135008 0.018815393 0.999513328
1341846338.321952 -0.138627619 0.073557682 -0.099681802 0.011459543 -0.021110771 0.021217899 0.999486327
1341846338.354022 -0.135616571 0.072756298 -0.088700458 0.010961216 -0.020821795 0.021599241 0.999489784
1341846338.389969 -0.135322198 0.081325553 -0.078982599 0.010974361 -0.019887716 0.022097949 0.999497771
1341846338.422377 -0.134951174 0.076016895 -0.074407674 0.008798057 -0.019293617 0.021643940 0.999540865
1341846338.454010 -0.134164393 0.077235475 -0.066336885 0.007846079 -0.019745413 0.020148914 0.999571204
1341846338.489894 -0.133030698 0.075181678 -0.055133093 0.006017597 -0.020187890 0.020880248 0.999560058
1341846338.522066 -0.127409875 0.073385589 -0.044272728 0.006819167 -0.020350156 0.020378409 0.999562025
1341846338.558058 -0.129701436 0.084114067 -0.036908537 0.006875792 -0.020060370 0.019602265 0.999583006
1341846338.589842 -0.122807704 0.078860991 -0.025659828 0.004129038 -0.020841680 0.019393602 0.999586165
1341846338.622019 -0.117454544 0.076777890 -0.015019013 0.005142001 -0.020323472 0.021480620 0.999549448
1341846338.657984 -0.122816555 0.085255302 -0.007792061 0.005887158 -0.019979224 0.022967737 0.999519289
1341846338.690198 -0.117148541 0.088966019 -0.002379440 0.004223427 -0.020876586 0.022144306 0.999527931
1341846338.722454 -0.109785825 0.080920592 0.020576889 0.002668075 -0.020176116 0.022392364 0.999542117
1341846338.757945 -0.116245031 0.084014051 0.021438031 0.002606669 -0.019699523 0.024207892 0.999509513
1341846338.790039 -0.112332381 0.083933353 0.033672560 0.000565396 -0.022033339 0.024450963 0.999458015
1341846338.826048 -0.102904595 0.079554573 0.045040242 0.000471285 -0.021856613 0.023685507 0.999480367
1341846338.858027 -0.108516231 0.089256950 0.050949257 0.001322028 -0.019480729 0.021967405 0.999568045
1341846338.889902 -0.102998026 0.085515581 0.058656950 -0.001767346 -0.021027282 0.021737022 0.999540985
1341846338.925948 -0.094975024 0.084054649 0.073741443 -0.002490853 -0.020804374 0.019877683 0.999582887
1341846338.958108 -0.096577078 0.085168332 0.085235164 -0.001982932 -0.018518252 0.019290552 0.999640465
1341846338.990057 -0.095415987 0.084854811 0.093565442 -0.001629771 -0.018251004 0.019773072 0.999636650
1341846339.025928 -0.086435147 0.085022539 0.113839716 0.000716883 -0.018118724 0.019929806 0.999636948
1341846339.057939 -0.087157905 0.090520866 0.118119754 0.003824727 -0.015452525 0.020028248 0.999672711
1341846339.093927 -0.094125442 0.098195285 0.122294910 0.003135409 -0.015074280 0.020796595 0.999665201
1341846339.126562 -0.083232105 0.098482467 0.126000851 -0.000528194 -0.017150324 0.020006606 0.999652624
1341846339.157969 -0.077967964 0.099993668 0.144760609 -0.002871006 -0.014861431 0.018412862 0.999715924
1341846339.194113 -0.084303804 0.103117697 0.147856012 -0.004640657 -0.012871060 0.019482778 0.999716580
1341846339.228165 -0.082962006 0.112632900 0.159608781 -0.007148895 -0.015019291 0.021162855 0.999637723
1341846339.257998 -0.069490016 0.108733892 0.177666128 -0.010352309 -0.015615376 0.021910455 0.999584377
1341846339.294132 -0.075666256 0.112823427 0.182506680 -0.010175956 -0.012075705 0.023266921 0.999604583
1341846339.326577 -0.075316146 0.121978261 0.192245558 -0.013485949 -0.014507235 0.026644558 0.999448717
1341846339.362269 -0.063084945 0.115347743 0.204623446 -0.018543227 -0.017644553 0.024398990 0.999374568
1341846339.394725 -0.055471558 0.116217777 0.217552453 -0.019473597 -0.016193360 0.024370719 0.999382138
1341846339.462186 -0.046625100 0.113018364 0.237402827 -0.023377324 -0.017615648 0.024109693 0.999280691
1341846339.496743 -0.036808666 0.112283438 0.243682817 -0.020403598 -0.014328818 0.021824813 0.999450862
1341846339.562052 -0.036072414 0.108213663 0.264478028 -0.019679399 -0.011165951 0.024723817 0.999438226
1341846339.595122 -0.027710525 0.110452086 0.271253794 -0.017240189 -0.010971774 0.023956923 0.999504149
1341846339.632085 -0.035111275 0.112887867 0.271083206 -0.015835345 -0.005369462 0.020292094 0.999654293
1341846339.664568 -0.022652701 0.111186750 0.288567722 -0.015608784 -0.004240631 0.019339006 0.999682128
1341846339.698896 -0.022854174 0.111313581 0.299649715 -0.015503298 -0.003013252 0.018683100 0.999700725
1341846339.731977 -0.018647512 0.111039683 0.308586925 -0.015400533 -0.002697668 0.016957868 0.999733984
1341846339.762241 -0.012497948 0.106429905 0.316765815 -0.015536213 -0.001809553 0.016984027 0.999733448
1341846339.797873 -0.013387254 0.106535919 0.322606236 -0.015355605 -0.001138730 0.018605515 0.999708354
1341846339.830245 -0.012410101 0.105153725 0.327911645 -0.015684886 -0.001350026 0.017692991 0.999719560
1341846339.862015 -0.008657386 0.107500628 0.334342211 -0.015859276 -0.001469812 0.017546728 0.999719203
1341846339.897797 -0.003347459 0.106492043 0.340924531 -0.016817104 -0.000643252 0.017136035 0.999711573
1341846339.929916 -0.001420589 0.101412661 0.353723466 -0.017615950 0.000415817 0.019310726 0.999658287
1341846339.961960 0.002323226 0.099772014 0.360206932 -0.016494514 -0.000346172 0.020327406 0.999657273
1341846339.997845 0.011364724 0.101564690 0.363199323 -0.014994727 -0.000055341 0.020140190 0.999684691
1341846340.029925 0.016425679 0.099000767 0.373503476 -0.014253622 0.001944253 0.021555042 0.999664187
1341846340.066044 0.017063020 0.096519776 0.378870070 -0.012470056 0.003328406 0.023091840 0.999650061
1341846340.098009 0.017129876 0.099923536 0.383232147 -0.011118587 0.004050817 0.023767507 0.999647558
1341846340.130102 0.022460807 0.098078221 0.391968906 -0.012035069 0.003565426 0.022834335 0.999660492
1341846340.166041 0.023058033 0.097316727 0.393316418 -0.011099354 0.006402925 0.020998990 0.999697387
1341846340.197867 0.022111587 0.098305479 0.399711728 -0.009916404 0.008974198 0.021455729 0.999680340
1341846340.229904 0.023057112 0.100483187 0.406872779 -0.011039181 0.008991024 0.020964716 0.999678850
1341846340.265859 0.028395310 0.093986385 0.412970632 -0.012156014 0.009823840 0.020364039 0.999670446
1341846340.298061 0.028354857 0.097071171 0.421390861 -0.009515862 0.012411860 0.020735679 0.999662638
1341846340.334063 0.027287366 0.105067223 0.429315686 -0.009736020 0.011571340 0.022398414 0.999634802
1341846340.366064 0.038585737 0.095310494 0.435492575 -0.012616723 0.008362098 0.021614864 0.999651790
1341846340.397995 0.044423517 0.093777612 0.438591629 -0.010952600 0.008307563 0.021739766 0.999669194
1341846340.433895 0.044265423 0.097190470 0.444030493 -0.009837977 0.008226160 0.022878943 0.999656081
1341846340.465959 0.043748241 0.093229927 0.440385729 -0.009899767 0.005968538 0.025196772 0.999615729
1341846340.501858 0.043023586 0.097626798 0.442297637 -0.008030065 0.003288169 0.025010899 0.999649525
1341846340.534329 0.050132703 0.098992154 0.444316745 -0.007265177 0.001262732 0.024249863 0.999678731
1341846340.566041 0.051424131 0.094455257 0.444141477 -0.006440157 0.000597678 0.024788368 0.999671876
1341846340.601909 0.059338383 0.093523055 0.445095092 -0.004297065 -0.000711516 0.024710486 0.999685168
1341846340.634005 0.062271126 0.099864550 0.441536814 -0.002880501 -0.001179726 0.023183675 0.999726415
1341846340.666028 0.064156957 0.096314393 0.439278007 -0.003579072 -0.000567550 0.020749358 0.999778211
1341846340.701946 0.074416272 0.093571357 0.438067943 -0.001814986 -0.000367703 0.019107575 0.999815702
1341846340.733954 0.073366880 0.097187273 0.431031287 -0.000456505 0.001750122 0.017518817 0.999844968
1341846340.770081 0.070359856 0.099312097 0.435093552 -0.000779638 0.002813108 0.015287785 0.999878883
1341846340.801980 0.075547971 0.097364083 0.431129962 -0.000981517 0.003481506 0.009808859 0.999945402
1341846340.833999 0.074172370 0.102051415 0.428783059 -0.000768589 0.006166173 0.006202602 0.999961495
1341846340.870013 0.073800460 0.099305607 0.430230230 -0.002401259 0.005873219 0.004725524 0.999968767
1341846340.901955 0.073662095 0.096708514 0.431818813 -0.001521730 0.005926245 0.004334772 0.999971926
1341846340.933918 0.074930795 0.096746512 0.424031168 0.000259554 0.005107698 0.006563019 0.999965370
1341846340.970122 0.072279856 0.099143215 0.420816064 0.001949977 0.002303124 0.011198016 0.999932826
1341846341.001922 0.069135338 0.094345540 0.419988453 0.002790530 -0.001175103 0.016210653 0.999864042
1341846341.037923 0.073703989 0.097992711 0.414218098 0.004567475 -0.004369600 0.019102549 0.999797583
1341846341.070300 0.072189353 0.096398853 0.415988743 0.004852211 -0.004978359 0.019072430 0.999794006
1341846341.102028 0.070826136 0.097435370 0.412158579 0.004966197 -0.006551537 0.019857077 0.999769032
1341846341.137982 0.071876295 0.095604517 0.408872157 0.004793405 -0.008345178 0.019121278 0.999770880
1341846341.170048 0.072415166 0.095400527 0.407331556 0.005329107 -0.008722120 0.020653822 0.999734521
1341846341.202110 0.073166505 0.092826962 0.403248340 0.006529606 -0.009277741 0.022589259 0.999680519
1341846341.237996 0.073452741 0.091825292 0.404771030 0.008194291 -0.008959504 0.023017839 0.999661326
1341846341.269883 0.074075624 0.093099706 0.400065154 0.009433368 -0.008761866 0.023899861 0.999631524
1341846341.306107 0.073184818 0.093117833 0.396440387 0.010066663 -0.009311442 0.022415437 0.999654770
1341846341.338109 0.072335377 0.093472958 0.394065022 0.011074100 -0.008479431 0.020010579 0.999702573
1341846341.370120 0.075680926 0.092282191 0.391296983 0.011396592 -0.007751107 0.017655024 0.999749124
1341846341.406074 0.070518211 0.092844054 0.394767284 0.011612382 -0.006842908 0.017105341 0.999762893
1341846341.438113 0.068242334 0.088643141 0.396336466 0.012488686 -0.008578185 0.017923472 0.999724627
1341846341.470024 0.070440315 0.088595867 0.388786107 0.015131013 -0.008634075 0.015818000 0.999723196
1341846341.506077 0.067321166 0.095834024 0.390577853 0.015880898 -0.007465861 0.014789295 0.999736667
1341846341.538156 0.073429450 0.091583967 0.385657370 0.014192712 -0.010802476 0.015811516 0.999715924
1341846341.574016 0.077135347 0.092007458 0.387059212 0.015327766 -0.013493961 0.016534209 0.999654770
1341846341.612466 0.073829234 0.095406249 0.385530025 0.016228756 -0.013633241 0.016674388 0.999636352
1341846341.612466 0.072176881 0.093647242 0.384844244 0.015916945 -0.013351129 0.016642777 0.999645710
1341846341.643972 0.072190337 0.095362231 0.380482197 0.015236574 -0.015037846 0.015711837 0.999647439
1341846341.679982 0.066363119 0.090091027 0.377502978 0.014251833 -0.015383733 0.016080428 0.999650776
1341846341.712332 0.059414033 0.092573464 0.377076626 0.015346180 -0.016712783 0.018218609 0.999576628
1341846341.744185 0.063908324 0.092551596 0.378753513 0.015917905 -0.019587561 0.020711750 0.999466836
1341846341.780061 0.062992945 0.093610272 0.376306534 0.016436756 -0.020121105 0.022279575 0.999414146
1341846341.842595 0.068739846 0.085518748 0.372809440 0.018100584 -0.021736423 0.027570326 0.999219596
1341846341.906227 0.069490947 0.081764616 0.371536285 0.021378318 -0.022661930 0.032381713 0.998989999
1341846341.942069 0.070589989 0.079179153 0.368559301 0.024726938 -0.022501683 0.033328343 0.998885095
1341846341.974775 0.069865577 0.079387017 0.366700411 0.028166410 -0.022536784 0.035441745 0.998720586
1341846342.010161 0.066777296 0.081134915 0.362810135 0.029016618 -0.023543771 0.037268821 0.998606443
1341846342.042024 0.073317543 0.070319109 0.357511669 0.029386289 -0.024749622 0.037601087 0.998553991
1341846342.080032 0.075640388 0.075467952 0.359341264 0.032285754 -0.022786712 0.037724800 0.998506606
1341846342.080032 0.076656923 0.074379280 0.357608110 0.032125253 -0.022895085 0.037569370 0.998515129
1341846342.112265 0.069642231 0.072872870 0.360923380 0.032509889 -0.021479765 0.039681967 0.998452365
1341846342.147954 0.072403468 0.067187466 0.358220071 0.034417100 -0.022987412 0.041714117 0.998272061
1341846342.179852 0.076910764 0.069095381 0.353879154 0.037546493 -0.022878347 0.043430325 0.998088539
1341846342.211848 0.075678051 0.071342483 0.356016397 0.038531255 -0.022209326 0.042615645 0.998101294
1341846342.247920 0.073254757 0.069080934 0.356227815 0.039519571 -0.021589881 0.041467607 0.998124540
1341846342.279870 0.075846255 0.067410722 0.355005354 0.040862795 -0.021351775 0.041939434 0.998055875
1341846342.316068 0.075276576 0.067195311 0.350224882 0.042056851 -0.021052318 0.042904865 0.997971594
1341846342.347894 0.079437815 0.069943272 0.346807510 0.042594127 -0.021617811 0.043128703 0.997927070
1341846342.379953 0.075581633 0.067915343 0.350571990 0.042763747 -0.020319832 0.042808365 0.997960865
1341846342.416195 0.077400610 0.068341717 0.349228799 0.043258633 -0.020438485 0.044329721 0.997870743
