1341845820.751833 0.0000000 0.0000000 0.0000000 -0.0000000 -0.0000000 -0.0000000 1.0000000
1341845821.488014 0.0101336 -0.0074081 -0.0008780 0.0059213 0.0153296 0.0029260 0.9998607
1341845821.524370 0.0117656 -0.0101449 0.0010585 0.0074593 0.0159317 0.0036019 0.9998388
1341845822.185916 -0.0087068 -0.0152159 -0.0061069 0.0115074 0.0189436 -0.0017347 0.9997528
1341845822.859721 -0.0911961 -0.0294589 0.0046708 0.0186453 0.0136774 0.0062642 0.9997130
1341845824.197930 -0.2650977 -0.0637498 0.0192581 0.0184109 0.0453140 0.0073614 0.9987760
1341845824.565735 -0.3325065 -0.0698031 0.0052716 0.0278963 0.0162433 0.0220237 0.9992362
1341845825.511636 -0.4750303 -0.0799645 0.0016908 0.0340476 -0.0018027 0.0403329 0.9986044
1341845825.879767 -0.5251377 -0.0860063 0.0040727 0.0255178 -0.0170325 0.0371663 0.9988380
1341845826.683753 -0.5705948 -0.0719385 -0.0101761 0.0142043 -0.0454522 0.0524550 0.9974872
1341845826.945792 -0.5669073 -0.0534570 -0.0037219 -0.0176959 -0.0367367 0.0477915 0.9980247
1341845827.045694 -0.5597123 -0.0293805 -0.0102694 -0.0263496 -0.0351194 0.0581704 0.9973407
1341845829.063840 -0.3444182 -0.0213920 0.0508237 -0.0304060 0.0335669 0.0672396 0.9967084
1341845831.169942 0.0266748 0.0022885 0.0103188 0.0193421 0.0110499 0.0434918 0.9988054
1341845831.537844 0.1040404 0.0141710 0.0019327 0.0210694 0.0008997 0.0370677 0.9990902
1341845832.005729 0.1834215 0.0204993 0.0047550 -0.0041917 0.0254817 0.0418942 0.9987882
1341845832.377708 0.2428047 0.0408708 -0.0041369 -0.0117124 0.0266952 0.0398531 0.9987803
1341845832.845797 0.3126109 0.0686865 -0.0124849 -0.0255473 0.0318646 0.0500145 0.9979131
1341845833.145767 0.3642775 0.0800800 -0.0258161 -0.0306631 0.0403196 0.0514960 0.9973878
1341845833.617817 0.4375604 0.0823237 -0.0375326 -0.0312439 0.0487253 0.0556669 0.9967702
1341845835.189830 0.1904960 0.0406099 -0.0183465 -0.0371760 0.0156159 0.0312054 0.9986994
1341845836.203642 -0.0411536 0.0138128 -0.0245620 -0.0008359 -0.0235880 0.0382293 0.9989902
1341845836.739779 -0.1161593 -0.0218610 -0.0341686 0.0127809 -0.0208472 0.0495641 0.9984716
1341845837.007714 -0.0972211 -0.0351749 -0.0294069 0.0376157 -0.0175415 0.0609310 0.9972787
1341845837.307686 -0.1136011 -0.1586705 -0.0372036 0.0398932 -0.0038134 0.0485095 0.9980184
1341845837.607609 -0.0968132 -0.2228106 -0.0382753 0.0348241 0.0142779 0.0319275 0.9987813
1341845837.911946 -0.0911545 -0.2813405 -0.0395617 0.0444784 0.0347655 0.0239063 0.9981190
1341845838.273791 -0.0912178 -0.3232512 -0.0338675 0.0236648 0.0475889 0.0039221 0.9985790
1341845838.677850 -0.0804147 -0.3742730 -0.0326592 0.0270084 0.0475105 0.0004595 0.9985055
1341845838.745913 -0.0556920 -0.3525941 -0.0387070 0.0227881 0.0503325 -0.0027004 0.9984689
1341845839.345945 -0.0352943 -0.4323030 -0.0380541 0.0065553 0.0691178 -0.0097188 0.9975396
1341845839.749808 -0.0066894 -0.4264762 -0.0356707 0.0111690 0.0766120 -0.0037731 0.9969913
1341845843.003637 -0.1360961 0.0128450 0.0426788 -0.0038688 0.0189925 0.0369895 0.9991277
1341845843.705705 -0.1375294 0.1393634 0.0616003 -0.0135156 0.0240586 0.0393702 0.9988436
1341845844.241826 -0.1306709 0.1963628 0.0751019 -0.0026108 0.0493173 0.0439576 0.9978120
1341845844.677619 -0.1409640 0.2861333 0.0772097 -0.0084503 0.0402025 0.0614653 0.9972634
1341845845.213604 -0.1445602 0.3791992 0.0817403 -0.0200278 0.0008989 0.0315168 0.9993021
1341845845.714232 -0.1435214 0.4719744 0.0836516 -0.0354155 -0.0097960 0.0239993 0.9990364
1341845846.453757 -0.1442784 0.5904630 0.0799621 -0.0663914 -0.0016077 0.0313258 0.9973005
1341845847.593782 -0.1265795 0.3633028 0.0500548 -0.0425742 0.0002750 0.0102133 0.9990411
1341845848.200502 -0.1229260 0.2325672 0.0104803 -0.0344179 -0.0117035 0.0242601 0.9990445
1341845848.903622 -0.1089579 0.1174141 -0.0111725 -0.0376994 -0.0097267 0.0267321 0.9988841
1341845849.769688 -0.1296735 0.1381482 0.1986193 -0.0228364 0.0314159 0.0212393 0.9990197
1341845850.573894 -0.1263690 0.1350376 0.3917539 -0.0287115 0.0289883 0.0130347 0.9990823
1341845851.313813 -0.1152164 0.1516874 0.5183519 -0.0309350 0.0265215 0.0117405 0.9991005
1341845854.529719 -0.2154336 0.1871397 0.0589381 -0.0257915 0.0221358 0.0237394 0.9991403
1341845857.713765 -0.2222575 0.1703900 -0.2427273 -0.0304711 0.0111752 0.0216846 0.9992380
1341845859.825831 -0.1772235 0.1424868 -0.3665137 -0.0627043 0.0384718 -0.0080213 0.9972581
1341845860.294553 -0.1856629 0.1377499 -0.3775561 -0.0396698 0.0062119 -0.0247646 0.9988866
