1341846226.817920 0.0000000 0.0000000 0.0000000 -0.0000000 -0.0000000 -0.0000000 1.0000000
1341846227.586047 0.0108879 -0.0051196 0.0037857 0.0046483 -0.0247967 -0.0277123 0.9992976
1341846227.622081 0.0115169 -0.0028921 0.0043859 0.0043018 -0.0239822 -0.0313816 0.9992105
1341846227.754130 0.0167207 -0.0151932 0.0066981 0.0094932 -0.0206695 -0.0317304 0.9992376
1341846228.593899 0.0315023 -0.0209934 0.0024420 0.0052773 -0.0013805 -0.0190473 0.9998037
1341846228.862015 0.0348243 -0.0160190 -0.0048968 0.0056762 -0.0022254 -0.0120311 0.9999090
1341846229.229812 0.0587389 -0.0226622 -0.0014110 0.0058455 -0.0050397 -0.0091310 0.9999285
1341846229.530149 0.0546385 -0.0198628 -0.0074368 0.0151938 -0.0055388 -0.0083884 0.9998341
1341846230.065938 0.0489004 -0.0162717 -0.0045308 0.0144320 0.0045364 -0.0038000 0.9998783
1341846230.569803 0.0698096 -0.0364944 -0.0098065 0.0222205 0.0062262 -0.0033906 0.9997280
1341846230.737932 0.0711638 -0.0339608 -0.0111185 0.0249113 0.0031196 -0.0037109 0.9996779
1341846230.837804 -0.0181170 -0.0657532 -0.0159215 0.0206222 0.0159322 -0.0071524 0.9996348
1341846230.937917 0.0552421 -0.0382756 -0.0148467 0.0269373 0.0032861 -0.0048922 0.9996198
1341846231.006047 0.0818498 -0.0352486 -0.0079574 0.0294556 -0.0008223 -0.0032894 0.9995604
1341846231.106085 0.0927915 -0.0381430 -0.0060785 0.0304750 -0.0041007 -0.0031815 0.9995221
1341846231.241869 0.0944723 -0.0356866 -0.0127202 0.0339783 -0.0052817 -0.0035957 0.9994022
1341846231.410022 0.0870287 -0.0405530 -0.0150738 0.0317537 -0.0056627 -0.0047912 0.9994682
1341846231.547853 0.0738690 -0.0352735 -0.0219057 0.0293754 -0.0039350 -0.0056106 0.9995450
1341846231.648015 0.0767601 -0.0509710 -0.0037633 0.0245074 -0.0010231 -0.0123116 0.9996233
1341846231.716153 0.0857003 -0.0534855 -0.0022505 0.0361270 -0.0048590 -0.0115984 0.9992681
1341846231.909867 0.0794665 -0.0424827 -0.0102097 0.0368378 -0.0092909 -0.0109911 0.9992176
1341846232.045845 0.0694922 -0.0483122 -0.0132306 0.0338162 -0.0108258 -0.0089844 0.9993290
1341846232.252037 0.0800012 -0.0461736 -0.0099508 0.0353419 -0.0131446 -0.0081484 0.9992556
1341846232.419782 0.0765376 -0.0526768 -0.0083598 0.0298792 -0.0130442 -0.0104301 0.9994140
1341846232.551877 0.0958095 -0.0433867 -0.0079726 0.0349700 -0.0163128 -0.0088054 0.9992164
1341846232.651799 0.0871916 -0.0443118 -0.0041241 0.0393187 -0.0136206 -0.0087372 0.9990957
1341846232.751767 0.0921047 -0.0495788 -0.0055286 0.0442931 -0.0123318 -0.0101720 0.9988907
1341846232.855850 0.1240557 -0.0578304 -0.0094209 0.0492174 -0.0139978 -0.0122754 0.9986146
1341846232.919822 0.0682384 -0.0608750 -0.0011875 0.0511540 -0.0050751 -0.0139783 0.9985800
1341846233.055880 0.1173264 -0.0508707 -0.0053708 0.0505183 -0.0074606 -0.0139491 0.9985979
1341846233.124060 0.0799012 -0.0584655 0.0004399 0.0495059 -0.0026720 -0.0162009 0.9986389
1341846237.312079 0.1315754 -0.0707093 0.0009083 0.0627456 -0.0148440 -0.0118230 0.9978491
1341846240.422212 0.1076933 -0.0577134 0.0122765 0.0560353 -0.0204491 -0.0173433 0.9980687
1341846240.490243 0.1242163 -0.0608442 -0.0026581 0.0553842 -0.0237656 -0.0178304 0.9980230
1341846240.725903 0.0920302 -0.0592284 0.0052265 0.0594390 -0.0218911 -0.0219592 0.9977503
1341846240.826068 0.1277853 -0.0649926 -0.0046313 0.0607365 -0.0273333 -0.0207649 0.9975634
1341846240.925975 0.0992821 -0.0594322 0.0030939 0.0593558 -0.0231493 -0.0215552 0.9977356
1341846240.994099 0.1181520 -0.0599441 -0.0025221 0.0585655 -0.0258991 -0.0206128 0.9977347
1341846241.094372 0.0345766 -0.0631183 0.0179656 0.0579978 -0.0134711 -0.0243271 0.9979293
1341846241.230127 0.0818203 -0.0592445 0.0052220 0.0589062 -0.0200757 -0.0255959 0.9977334
1341846241.362000 0.1140727 -0.0569348 -0.0007362 0.0595923 -0.0244678 -0.0261586 0.9975800
1341846241.430126 0.1368725 -0.0511327 0.0019893 0.0611415 -0.0277670 -0.0261510 0.9974001
1341846241.497907 0.1053154 -0.0576395 0.0006880 0.0596702 -0.0232714 -0.0271662 0.9975771
1341846241.529930 0.1028684 -0.0561319 -0.0000282 0.0597242 -0.0229255 -0.0271851 0.9975813
1341846241.562493 0.1041733 -0.0563179 -0.0017684 0.0591636 -0.0233548 -0.0272665 0.9976025
1341846241.598412 0.1104002 -0.0552888 -0.0013109 0.0596599 -0.0243048 -0.0272201 0.9975515
1341846241.629998 0.1032069 -0.0572322 -0.0020160 0.0594891 -0.0231168 -0.0272828 0.9975882
1341846241.765805 0.1089176 -0.0591840 -0.0024145 0.0594636 -0.0237455 -0.0275364 0.9975681
1341846241.797970 0.0711931 -0.0577703 -0.0013574 0.0603239 -0.0186345 -0.0282169 0.9976059
1341846241.898156 0.1232896 -0.0636913 -0.0028920 0.0596904 -0.0257069 -0.0272423 0.9975139
1341846241.929917 0.0785577 -0.0564932 -0.0010787 0.0614331 -0.0194319 -0.0285399 0.9975138
1341846241.965882 0.0827293 -0.0548082 -0.0048871 0.0613751 -0.0198157 -0.0292796 0.9974884
1341846241.998017 0.0830330 -0.0589011 -0.0032850 0.0605045 -0.0200054 -0.0291504 0.9975417
1341846242.034019 0.0790011 -0.0589824 -0.0019980 0.0610699 -0.0196648 -0.0285189 0.9975322
1341846242.066365 0.0782495 -0.0607013 0.0056602 0.0615119 -0.0198323 -0.0286795 0.9974971
1341846242.097916 0.1126189 -0.0624609 -0.0017855 0.0620028 -0.0237280 -0.0278792 0.9974043
1341846242.165895 0.1109838 -0.0614333 -0.0063905 0.0635357 -0.0231380 -0.0279929 0.9973185
1341846242.197924 0.1189674 -0.0586998 -0.0037542 0.0642329 -0.0240933 -0.0282920 0.9972428
1341846242.234487 0.1294006 -0.0603718 -0.0006181 0.0651534 -0.0255514 -0.0275868 0.9971666
1341846242.269588 0.1325795 -0.0583476 -0.0033247 0.0663714 -0.0258039 -0.0275821 0.9970798
1341846242.301972 0.1061416 -0.0557183 -0.0029839 0.0663713 -0.0222746 -0.0285631 0.9971374
1341846242.333996 0.1079667 -0.0677542 -0.0046797 0.0648591 -0.0222506 -0.0287801 0.9972311
1341846242.366000 0.0894425 -0.0624799 -0.0058897 0.0664662 -0.0197919 -0.0283621 0.9971891
1341846242.401903 0.0902707 -0.0625985 -0.0088920 0.0663032 -0.0199824 -0.0285773 0.9971901
1341846242.433933 0.1057859 -0.0656855 -0.0069528 0.0660964 -0.0219212 -0.0287662 0.9971576
1341846242.469883 0.1122928 -0.0697120 -0.0073003 0.0666917 -0.0223344 -0.0284533 0.9971178
1341846242.534063 0.1104385 -0.0577360 -0.0050382 0.0680376 -0.0223805 -0.0294092 0.9969981
1341846242.602000 0.1081172 -0.0576246 -0.0061664 0.0679222 -0.0214745 -0.0290066 0.9970376
1341846242.634077 0.1063634 -0.0545806 -0.0063517 0.0674806 -0.0213891 -0.0291055 0.9970666
1341846242.701929 0.1074609 -0.0569394 -0.0076386 0.0662907 -0.0212632 -0.0291596 0.9971475
1341846242.769937 0.1109152 -0.0609774 -0.0078750 0.0659825 -0.0224104 -0.0295420 0.9971316
1341846242.869936 0.1072710 -0.0563888 -0.0090302 0.0654946 -0.0220863 -0.0306086 0.9971388
1341846242.938061 0.1057182 -0.0585037 -0.0097334 0.0656589 -0.0219465 -0.0311989 0.9971128
1341846243.005810 0.1040153 -0.0593514 -0.0113780 0.0669710 -0.0226148 -0.0312453 0.9970092
1341846243.038095 0.1066299 -0.0559244 -0.0103727 0.0671840 -0.0235301 -0.0308046 0.9969873
1341846243.169985 0.1067386 -0.0561802 -0.0103433 0.0655643 -0.0238505 -0.0311211 0.9970777
1341846243.374348 0.1044535 -0.0599530 -0.0140602 0.0663417 -0.0224224 -0.0331520 0.9969940
1341846244.009892 0.1056146 -0.0542070 -0.0148774 0.0682863 -0.0216401 -0.0331331 0.9968806
1341846244.887873 0.1440361 -0.0729550 -0.0123791 0.0741824 -0.0192750 -0.0236054 0.9967790
1341846245.319885 0.1422944 -0.0591010 -0.0026666 0.0739428 -0.0133248 -0.0249349 0.9968617
1341846245.791914 0.1424314 -0.0638735 0.0025983 0.0777618 -0.0127230 -0.0248619 0.9965807
1341846246.589826 0.1205308 -0.0668350 -0.0020533 0.0768071 -0.0015756 -0.0278040 0.9966570
1341846247.261953 0.1357339 -0.0790937 0.0018792 0.0828054 -0.0074306 -0.0235837 0.9962590
1341846247.530027 0.1340682 -0.0673575 0.0097384 0.0841707 -0.0096879 -0.0249205 0.9960926
1341846247.830259 0.1420534 -0.0491536 0.0189249 0.0891880 -0.0128290 -0.0153638 0.9958137
1341846248.133929 0.1638707 -0.0641349 0.0219077 0.0913263 -0.0119261 -0.0174941 0.9955959
1341846248.502139 0.1446100 -0.0465384 0.0264824 0.0926260 -0.0070343 -0.0277055 0.9952906
1341846249.641995 0.1636587 -0.0646990 0.0323518 0.0905767 -0.0055217 -0.0207501 0.9956580
1341846250.509930 0.1809630 -0.0332673 0.0328777 0.0884323 -0.0208394 -0.0114974 0.9957978
1341846251.350003 0.1753570 -0.0282310 0.0366659 0.0916652 -0.0280227 -0.0082436 0.9953614
