1341846313.592026 0.0000000 0.0000000 0.0000000 -0.0000000 -0.0000000 -0.0000000 1.0000000
1341846313.789969 0.0352894 0.0080635 0.0026981 0.0017188 -0.0081831 0.0060236 0.9999470
1341846313.822075 0.0321049 0.0127419 0.0022757 0.0024083 -0.0058108 0.0037182 0.9999734
1341846313.890011 0.0074950 0.0175138 -0.0016583 0.0025335 0.0046003 0.0024742 0.9999832
1341846313.957927 -0.0369486 0.0212991 -0.0057692 -0.0013717 0.0195117 0.0042078 0.9997998
1341846314.057816 -0.1303249 0.0326176 -0.0146813 -0.0062775 0.0491305 0.0090102 0.9987320
1341846314.157989 -0.1811778 0.0303161 -0.0023163 -0.0094546 0.0728679 0.0117122 0.9972280
1341846314.225969 -0.2137455 0.0333015 -0.0018254 -0.0115464 0.0863934 0.0154158 0.9960749
1341846314.325981 -0.2688115 0.0824511 -0.0056324 -0.0040517 0.1030396 0.0106165 0.9946124
1341846314.427905 -0.2976267 0.0898339 0.0015798 -0.0027010 0.1189080 0.0068668 0.9928779
1341846314.493987 -0.3256224 0.0928208 0.0036507 -0.0001654 0.1356057 -0.0022896 0.9907603
1341846314.594085 -0.3101455 0.1210312 -0.0008038 0.0054719 0.1454147 -0.0054593 0.9893406
1341846314.694004 -0.3334829 0.1221591 -0.0012993 0.0038388 0.1623900 -0.0069434 0.9866948
1341846314.761942 -0.3468282 0.1307582 0.0009023 0.0145125 0.1688951 0.0003131 0.9855272
1341846314.826092 -0.3735145 0.1369031 -0.0140809 0.0209553 0.1809482 0.0016414 0.9832680
1341846314.894072 -0.4119420 0.1483140 -0.0152283 0.0225208 0.1971645 0.0036014 0.9801051
1341846314.961937 -0.4662420 0.1401571 -0.0160182 0.0183913 0.2100921 0.0133068 0.9774181
1341846315.029900 -0.4884896 0.1643166 -0.0088167 0.0192949 0.2210941 0.0087996 0.9750219
1341846315.129851 -0.5240143 0.1972944 -0.0111369 0.0274601 0.2296677 0.0129257 0.9727958
1341846315.161941 -0.5614446 0.2023414 -0.0213840 0.0247994 0.2354061 0.0172115 0.9714282
1341846315.230076 -0.5622777 0.2439893 -0.0202348 0.0209242 0.2340285 0.0084173 0.9719681
1341846315.298000 -0.5853624 0.2539554 -0.0167458 0.0186521 0.2325458 0.0136981 0.9723101
1341846315.329931 -0.5972961 0.2574219 -0.0135164 0.0236336 0.2344313 0.0154591 0.9717224
1341846315.397962 -0.6206753 0.2819994 -0.0048849 0.0371214 0.2388880 0.0195420 0.9701405
1341846315.466047 -0.6615807 0.2909072 0.0087548 0.0431072 0.2529066 0.0221978 0.9662750
1341846315.530008 -0.6692179 0.2941330 0.0157219 0.0433449 0.2586944 0.0281822 0.9645746
1341846315.630109 -0.6659734 0.2899057 0.0218723 0.0413693 0.2635622 0.0274209 0.9633648
1341846315.698114 -0.6658990 0.2943279 0.0109791 0.0351983 0.2687267 0.0290876 0.9621336
1341846315.766041 -0.6788563 0.2897586 0.0201521 0.0332858 0.2702748 0.0295878 0.9617527
1341846315.866751 -0.6723690 0.2882149 0.0126658 0.0353665 0.2717647 0.0268821 0.9613379
1341846315.936901 -0.6789597 0.2775542 0.0203343 0.0378938 0.2745299 0.0262921 0.9604718
1341846316.034204 -0.7054948 0.2786013 0.0338556 0.0451085 0.2784041 0.0197628 0.9592006
1341846316.101867 -0.7122753 0.2832422 0.0361678 0.0496331 0.2760355 0.0218339 0.9596168
1341846316.202049 -0.7363952 0.2755359 0.0557690 0.0469865 0.2703399 0.0131835 0.9615273
1341846316.270052 -0.7480337 0.2769049 0.0422063 0.0453018 0.2699802 0.0099953 0.9617477
1341846316.334208 -0.7663838 0.2692756 0.0655052 0.0468133 0.2724334 0.0087243 0.9609956
1341846316.401994 -0.7785302 0.2694157 0.0669338 0.0510925 0.2702043 0.0105028 0.9613890
1341846316.502034 -0.8060916 0.2747521 0.0686983 0.0614474 0.2668948 0.0155301 0.9616394
1341846316.570121 -0.8106958 0.2666480 0.0753270 0.0570976 0.2632976 0.0105318 0.9629659
1341846316.638009 -0.8258328 0.2590452 0.0758235 0.0609354 0.2616735 0.0118064 0.9631586
1341846316.738062 -0.8557867 0.2579993 0.0816834 0.0698959 0.2610528 0.0119503 0.9627166
1341846316.838029 -0.8819814 0.2591161 0.1021152 0.0718224 0.2605032 0.0126922 0.9627142
1341846317.106113 -0.9325339 0.2491549 0.1127458 0.0750141 0.2410496 0.0145392 0.9675002
1341846317.137887 -0.9505376 0.2461018 0.1145421 0.0782317 0.2361360 0.0158857 0.9684355
1341846317.248131 -0.9729249 0.2492659 0.1411130 0.0816306 0.2247902 0.0191839 0.9707924
1341846317.348137 -0.9731596 0.2474455 0.1526080 0.0853186 0.2180565 0.0233722 0.9719186
1341846317.474010 -1.0101690 0.2454336 0.1602457 0.0969367 0.2186049 0.0318479 0.9704643
1341846317.643553 -1.0486289 0.2515938 0.1751950 0.1056989 0.2155589 0.0377694 0.9700183
1341846317.741834 -1.0670855 0.2563804 0.1961151 0.1100388 0.2091854 0.0387615 0.9708917
1341846317.841886 -1.1091573 0.2551164 0.2005711 0.1054880 0.2081347 0.0318662 0.9718728
1341846318.045949 -1.1388113 0.2541546 0.2285556 0.1069650 0.2096061 0.0247746 0.9716018
1341846318.245970 -1.2079091 0.2347907 0.2407332 0.1045392 0.1973729 0.0143953 0.9746324
1341846318.313937 -1.2160643 0.2376954 0.2629016 0.1108980 0.1869302 0.0134520 0.9760010
1341846318.382046 -1.2341855 0.2337884 0.2640111 0.1123835 0.1709019 0.0086278 0.9788197
1341846318.446035 -1.2557524 0.2337130 0.2706595 0.1164195 0.1585222 0.0071553 0.9804417
1341846318.814121 -1.3675126 0.2342993 0.2916815 0.1206401 0.1480691 0.0012497 0.9815905
1341846318.883516 -1.3905659 0.2270992 0.2934858 0.1222726 0.1349031 -0.0039620 0.9832776
1341846318.918047 -1.3952001 0.2336069 0.3004381 0.1254460 0.1229318 -0.0061588 0.9844355
1341846318.950044 -1.4131490 0.2246120 0.2951291 0.1256076 0.1135717 -0.0095752 0.9855113
1341846318.982028 -1.4195412 0.2313717 0.3007407 0.1271473 0.1096731 -0.0128206 0.9857185
1341846319.018123 -1.4339181 0.2365987 0.3060054 0.1274089 0.1047821 -0.0139646 0.9862011
1341846319.081905 -1.4231325 0.2275135 0.3041655 0.1328230 0.0961119 -0.0182376 0.9863001
1341846319.150093 -1.4646056 0.2284674 0.3054504 0.1389402 0.0934367 -0.0073746 0.9858554
1341846319.218149 -1.4350190 0.2704044 0.3192492 0.1407420 0.0948315 -0.0081492 0.9854605
1341846319.250034 -1.4680610 0.2618642 0.3220527 0.1332653 0.1032571 -0.0079372 0.9856548
1341846319.318034 -1.4791512 0.2446662 0.3139250 0.1320434 0.1058643 0.0013665 0.9855736
1341846319.386163 -1.5217627 0.2347155 0.3196451 0.1360741 0.1029334 0.0139002 0.9852387
1341846319.486271 -1.5353584 0.2465668 0.3161463 0.1367066 0.0946754 0.0094944 0.9860313
1341846319.554083 -1.5430330 0.2460265 0.3359199 0.1313171 0.0880463 0.0094420 0.9873776
1341846319.586296 -1.5591838 0.2443926 0.3417259 0.1309898 0.0896664 0.0052498 0.9873065
1341846320.190003 -1.5807222 0.2415148 0.3620871 0.1265181 0.0503631 0.0082652 0.9906505
1341846320.289887 -1.5549054 0.2197516 0.3393170 0.1388035 0.0521555 0.0125543 0.9888659
1341846320.357890 -1.5204641 0.2336135 0.3467853 0.1549044 0.0498004 0.0094721 0.9866280
1341846320.390064 -1.5049709 0.2315844 0.3272411 0.1561681 0.0531502 0.0093172 0.9862555
1341846320.490186 -1.4485923 0.2137029 0.3141997 0.1619888 0.0738681 0.0040829 0.9840155
1341846320.558091 -1.4385509 0.2309121 0.3116966 0.1670641 0.0868924 -0.0031946 0.9821044
1341846320.594093 -1.3896635 0.2337176 0.3011802 0.1675639 0.0897022 -0.0061258 0.9817527
1341846320.631955 -1.4089617 0.2267887 0.3217708 0.1704604 0.1000440 -0.0077487 0.9802421
1341846320.631955 -1.4085375 0.2265234 0.3203490 0.1703750 0.0998874 -0.0072596 0.9802766
1341846320.664916 -1.3996882 0.2311626 0.3069274 0.1702453 0.1021624 -0.0085563 0.9800541
1341846320.731822 -1.3745964 0.2319181 0.2955180 0.1724027 0.1126256 -0.0120221 0.9784929
1341846320.763877 -1.3772479 0.2647572 0.2983110 0.1717613 0.1141867 -0.0103013 0.9784444
1341846320.799999 -1.3521401 0.2276287 0.2787288 0.1612652 0.1116272 -0.0132050 0.9804889
1341846320.831871 -1.3041013 0.2309271 0.2505781 0.1632140 0.1200967 -0.0172672 0.9791015
1341846320.863887 -1.3728874 0.2421038 0.2644007 0.1620592 0.1351461 -0.0174534 0.9773268
1341846320.900014 -1.3370639 0.2317804 0.2875305 0.1556676 0.1277903 -0.0106341 0.9794509
1341846321.000017 -1.3116797 0.2449931 0.2805345 0.1504312 0.1348324 -0.0156381 0.9792579
1341846321.031860 -1.2896807 0.2326774 0.2692998 0.1472946 0.1342679 -0.0162441 0.9798024
1341846321.637163 -1.0936971 0.2327071 0.2013034 0.1429861 0.1911176 -0.0369278 0.9703944
1341846322.433955 -1.0515536 0.1042121 0.2112573 0.0984717 0.2037442 -0.0314827 0.9735504
1341846322.534002 -1.0378611 0.0664452 0.2016415 0.1235578 0.1942219 -0.0291623 0.9727080
1341846322.638119 -1.0233930 0.0228954 0.1988219 0.1434363 0.1851252 -0.0263035 0.9718348
1341846322.770087 -1.0249833 -0.0167718 0.1856706 0.1528755 0.1880276 -0.0249903 0.9698713
1341846323.342027 -0.9901219 -0.1217695 0.1889931 0.1345522 0.1765603 -0.0188401 0.9748678
1341846323.441956 -1.0128045 -0.1525771 0.1972283 0.1370490 0.1727957 -0.0117635 0.9753055
1341846323.473878 -1.0048118 -0.1625213 0.1942397 0.1410206 0.1735939 -0.0138616 0.9745697
1341846323.909826 -1.0175231 -0.2654851 0.1758058 0.1508462 0.1756061 -0.0403445 0.9719981
1341846326.627027 -0.9822098 0.4614655 0.3793258 0.1715976 0.1938550 0.0359014 0.9652386
1341846326.726206 -0.9773924 0.5009358 0.3943579 0.1595393 0.2027840 0.0354282 0.9654899
1341846326.826821 -0.9741164 0.5513767 0.4048241 0.1381557 0.2125641 0.0326634 0.9667795
1341846326.994594 -0.9695669 0.5847377 0.4116273 0.1338529 0.2069723 0.0419536 0.9682385
1341846327.161940 -0.9637053 0.6384602 0.4187967 0.1255610 0.2119763 0.0366275 0.9684828
1341846327.262014 -0.9251037 0.6773977 0.4376070 0.1257757 0.2190685 0.0314820 0.9670566
1341846327.294023 -0.9685977 0.6866668 0.4448502 0.1282799 0.2381274 0.0245563 0.9624119
1341846327.361939 -1.0515732 0.7110663 0.4491881 0.1244161 0.2677377 0.0173589 0.9552674
1341846327.429966 -1.1545911 0.7023840 0.4962118 0.1139223 0.2884252 0.0136893 0.9506025
1341846327.461965 -1.1827896 0.7012518 0.4988309 0.1029643 0.2878802 0.0142228 0.9520090
1341846327.497931 -1.2278208 0.6895941 0.5326940 0.0946180 0.2974526 0.0124505 0.9499549
1341846327.561895 -1.3088555 0.7035780 0.6002279 0.0928994 0.3127075 0.0189200 0.9451062
1341846327.629945 -1.3292840 0.7266495 0.6164974 0.0969049 0.3082092 0.0210257 0.9461367
1341846327.662003 -1.3273746 0.7287955 0.6175284 0.0960145 0.3053707 0.0171042 0.9472262
1341846327.730075 -1.3784159 0.7608081 0.6456891 0.0927861 0.3131146 0.0177290 0.9450057
1341846327.797917 -1.3622780 0.8048678 0.6487285 0.0882596 0.3095778 0.0228006 0.9464946
1341846327.898010 -1.3600169 0.8193762 0.6547559 0.0731295 0.3119057 0.0279517 0.9468821
1341846328.098045 -1.3564160 0.8315207 0.6516833 0.0415767 0.3134683 0.0303730 0.9482018
1341846328.302051 -1.3742013 0.7775290 0.6439414 0.0514695 0.3050955 0.0289034 0.9504905
1341846328.366008 -1.4051890 0.7603860 0.6809204 0.0641370 0.3113859 0.0248769 0.9477903
1341846328.433920 -1.4091480 0.7324038 0.6648544 0.0814757 0.3100362 0.0243263 0.9469147
1341846328.502194 -1.4052597 0.6724675 0.6467308 0.0763041 0.3115031 0.0081880 0.9471412
1341846328.570125 -1.4686818 0.5863342 0.6542341 0.0699428 0.3257458 0.0066283 0.9428435
1341846328.602804 -1.4719341 0.5638552 0.6711291 0.0772955 0.3214518 0.0117937 0.9436923
1341846328.770129 -1.4577546 0.5021627 0.6203848 0.0991843 0.2976449 -0.0039201 0.9495023
1341846328.939814 -1.4584467 0.4351942 0.6132037 0.1024998 0.2864816 -0.0107336 0.9525266
1341846329.106125 -1.4191670 0.4166284 0.5757380 0.1194664 0.2723880 -0.0062275 0.9547218
1341846329.238169 -1.4186077 0.3883998 0.5538247 0.1217066 0.2677371 -0.0095800 0.9557263
1341846329.473950 -1.4286503 0.3163825 0.5289672 0.1066585 0.2599880 -0.0244091 0.9593928
1341846329.681570 -1.4472538 0.2713107 0.5170252 0.1082883 0.2496303 -0.0295414 0.9618137
1341846329.874044 -1.4474291 0.2248597 0.5068365 0.1140781 0.2516384 -0.0215594 0.9608327
1341846330.147839 -1.4571166 0.1970456 0.4990746 0.1103203 0.2538664 -0.0071049 0.9609010
1341846330.719991 -1.5049461 0.1469490 0.4881933 0.0671355 0.2443474 0.0081087 0.9673269
1341846331.382003 -1.5182300 0.1375628 0.4382172 0.0699506 0.2228526 0.0055020 0.9723237
1341846332.153983 -1.3993852 0.1811986 0.6374220 0.1076885 0.2752574 -0.0058214 0.9553024
1341846332.458114 -1.3399638 0.1622189 0.7228970 0.1019441 0.2842358 -0.0164207 0.9531778
1341846332.726000 -1.3048269 0.1730245 0.7922677 0.0976742 0.2747917 0.0084107 0.9564928
1341846333.161973 -1.2023958 0.2018586 0.8525100 0.0834637 0.2873749 0.0103261 0.9541189
1341846333.494040 -1.1665912 0.2130074 0.8745948 0.0648602 0.2858213 0.0082459 0.9560499
1341846333.997985 -1.1963382 0.2088264 0.8437099 0.0746141 0.2917884 0.0032054 0.9535628
1341846334.702085 -1.3412799 0.2153605 0.7476039 0.0673234 0.2814147 -0.0077173 0.9571906
1341846335.406025 -1.4786335 0.2226629 0.6007445 0.0851972 0.2630554 -0.0101556 0.9609579
1341846336.010032 -1.6013850 0.2579746 0.4538511 0.0828180 0.2697264 -0.0145334 0.9592589
1341846336.142002 -1.6296901 0.2609987 0.4302717 0.0820997 0.2663072 -0.0146646 0.9602734
1341846336.241891 -1.6470783 0.2681866 0.4107940 0.0799402 0.2633777 -0.0147936 0.9612612
1341846336.277946 -1.6543862 0.2645602 0.4111598 0.0810733 0.2634159 -0.0122197 0.9611919
1341846336.309977 -1.6682048 0.2645725 0.3940439 0.0843257 0.2613887 -0.0102552 0.9614884
1341846336.346143 -1.6548235 0.2790814 0.3499955 0.0877185 0.2558247 -0.0083369 0.9626992
1341846336.377975 -1.6017358 0.2900313 0.3147036 0.0899729 0.2461478 -0.0099707 0.9649957
1341846336.410032 -1.5645835 0.2953925 0.2771532 0.0911068 0.2385457 -0.0101072 0.9667954
1341846336.446041 -1.5168453 0.3035539 0.2446679 0.0912469 0.2283911 -0.0095057 0.9692374
1341846336.477990 -1.4761157 0.3091654 0.2190499 0.0909467 0.2208040 -0.0090689 0.9710263
1341846336.510056 -1.4210699 0.3151114 0.1923890 0.0920329 0.2118914 -0.0106369 0.9728920
1341846336.546024 -1.3638136 0.3136536 0.1727503 0.0934116 0.2017588 -0.0091182 0.9749280
1341846336.578003 -1.3152941 0.3197341 0.1484326 0.0934844 0.1928212 -0.0084515 0.9767340
1341846336.614020 -1.2689139 0.3229711 0.1237029 0.0924445 0.1856375 -0.0103915 0.9782048
1341846336.645982 -1.2140642 0.3243394 0.0965921 0.0909574 0.1772901 -0.0114573 0.9798794
1341846336.678036 -1.2208796 0.3223179 0.0884922 0.0890635 0.1753037 -0.0098722 0.9804279
1341846336.714024 -1.2208709 0.3166077 0.0881970 0.0900861 0.1728353 -0.0103549 0.9807677
1341846336.746016 -1.2273474 0.3134604 0.0878345 0.0940642 0.1709119 -0.0089707 0.9807450
1341846336.778014 -1.2447538 0.3247074 0.0810803 0.0979310 0.1677746 -0.0070191 0.9809241
1341846336.820006 -1.2273208 0.3284249 0.0537516 0.0987044 0.1614283 -0.0036280 0.9819293
1341846336.882056 -1.2546444 0.3266439 0.0653324 0.1011589 0.1614838 -0.0069504 0.9816524
1341846336.914273 -1.2289025 0.3229710 0.0509821 0.1034000 0.1550043 -0.0048216 0.9824759
1341846336.981980 -1.1805941 0.3476006 0.0037402 0.1134113 0.1421990 -0.0087681 0.9832805
1341846337.014238 -1.1461409 0.3542922 0.0068683 0.1105483 0.1379581 -0.0103843 0.9841945
1341846337.046017 -1.1343499 0.3505435 -0.0113763 0.1068823 0.1361530 -0.0140242 0.9848055
1341846337.082104 -1.1436930 0.3481017 -0.0343129 0.1050718 0.1364250 -0.0173769 0.9849092
1341846337.114317 -1.1238875 0.3535547 -0.0501022 0.1030695 0.1336439 -0.0183997 0.9854833
1341846337.150037 -1.0883772 0.3540417 -0.0382877 0.1015030 0.1301186 -0.0196284 0.9860939
1341846337.181873 -1.0588603 0.3561286 -0.0347234 0.1010738 0.1288800 -0.0218416 0.9862540
1341846337.214073 -1.0450062 0.3687715 -0.0634809 0.0984446 0.1301055 -0.0242874 0.9863019
1341846337.250087 -1.0214955 0.3615774 -0.0528114 0.0959148 0.1274388 -0.0226106 0.9869390
1341846337.317920 -0.9869794 0.3693660 -0.0810968 0.0972568 0.1200479 -0.0202377 0.9877855
1341846337.382159 -0.9662428 0.3685091 -0.1117367 0.0920571 0.1204205 -0.0222250 0.9881955
1341846337.450137 -0.9606919 0.3658036 -0.1237381 0.0935123 0.1180911 -0.0203752 0.9883799
1341846337.482096 -0.9564597 0.3637123 -0.1216315 0.0920105 0.1176977 -0.0195350 0.9885847
1341846337.518008 -0.9561452 0.3602381 -0.1166364 0.0929304 0.1174012 -0.0199696 0.9885252
1341846337.549978 -0.9572489 0.3691081 -0.1241157 0.0932503 0.1165333 -0.0215534 0.9885646
1341846337.617903 -0.9500403 0.3545795 -0.1154003 0.0910673 0.1153832 -0.0217823 0.9888979
1341846337.686352 -0.9557865 0.3680983 -0.1265501 0.0921097 0.1154747 -0.0218591 0.9887890
1341846337.749920 -0.9400939 0.3705323 -0.1128364 0.0905052 0.1172522 -0.0216389 0.9887328
1341846337.786157 -0.9410808 0.3758453 -0.1111948 0.0876248 0.1203903 -0.0210795 0.9886272
1341846337.854071 -0.9334984 0.3758605 -0.1026720 0.0843234 0.1256626 -0.0197695 0.9882852
1341846337.918223 -0.9325411 0.3776598 -0.0930090 0.0763175 0.1300413 -0.0227783 0.9883046
1341846337.985994 -0.9284374 0.3837151 -0.0838733 0.0715776 0.1326045 -0.0219590 0.9883372
1341846338.054055 -0.9196056 0.3841472 -0.0720441 0.0659786 0.1360007 -0.0211823 0.9882823
1341846338.154089 -0.9101727 0.3768911 -0.0486104 0.0605557 0.1418977 -0.0146277 0.9879191
1341846338.321952 -0.8822728 0.3777194 -0.0109260 0.0582351 0.1445155 -0.0083233 0.9877523
1341846338.657984 -0.8292461 0.3760281 0.0773011 0.0524639 0.1453409 -0.0049331 0.9879774
1341846338.826048 -0.8018537 0.3739575 0.1191309 0.0486534 0.1444764 -0.0044465 0.9883014
1341846339.057939 -0.7729459 0.3696235 0.1786279 0.0504126 0.1514781 -0.0076435 0.9871446
1341846339.257998 -0.7253385 0.3773050 0.2386354 0.0366655 0.1508829 -0.0027688 0.9878676
1341846339.462186 -0.6917996 0.3825512 0.2821534 0.0247486 0.1500388 -0.0003472 0.9883702
1341846339.595122 -0.6595647 0.3749982 0.3090455 0.0307730 0.1561181 -0.0010462 0.9872584
1341846339.731977 -0.6384249 0.3676951 0.3396336 0.0313516 0.1642153 -0.0069793 0.9859015
1341846339.997845 -0.5932761 0.3547529 0.3881385 0.0327693 0.1671395 -0.0044926 0.9853783
1341846340.166041 -0.5720422 0.3516799 0.4176041 0.0376058 0.1737068 -0.0053984 0.9840643
1341846340.501858 -0.5372887 0.3429022 0.4589845 0.0403031 0.1704269 -0.0025643 0.9845424
1341846340.970122 -0.5144334 0.3438928 0.4291946 0.0479884 0.1690818 -0.0158108 0.9843061
1341846341.406074 -0.5242645 0.3381897 0.4007322 0.0579805 0.1591484 -0.0118361 0.9854796
1341846341.744185 -0.5374583 0.3437214 0.3924170 0.0630200 0.1469692 -0.0109967 0.9870702
1341846342.211848 -0.5253319 0.3234665 0.3565136 0.0889314 0.1408083 0.0089609 0.9859939
