1341846226.817920 0.000000000 0.000000000 0.000000000 -0.000000000 -0.000000000 -0.000000000 1.000000000
1341846226.850323 0.003663242 0.003365950 0.003245254 0.001533816 -0.000457140 -0.002183187 0.999996364
1341846226.881894 0.004397888 0.003155866 -0.000207860 0.001814121 0.001066560 -0.003439847 0.999991894
1341846226.917980 -0.003262927 -0.000243982 0.001310075 0.000385055 0.000694201 -0.003082872 0.999994934
1341846226.950000 -0.000928257 -0.004762018 0.004961499 0.000854735 -0.001925539 -0.002923555 0.999993503
1341846226.985981 -0.001403389 0.001485352 0.003861553 0.003584379 -0.002484739 -0.003019316 0.999985933
1341846227.017919 -0.000800720 0.000711349 0.002389010 0.003168998 -0.003354739 -0.003712441 0.999982476
1341846227.050040 0.004225242 -0.002570682 0.003824135 0.002538486 -0.004512848 -0.004136723 0.999978065
1341846227.085982 0.004208867 0.000326591 0.004011421 0.003583353 -0.004386804 -0.004767090 0.999972582
1341846227.118052 0.004683122 0.000177717 0.005371660 0.004001508 -0.004271287 -0.005262294 0.999969065
1341846227.149935 0.006612052 0.000475219 0.001417539 0.004565746 -0.004899360 -0.005055061 0.999964833
1341846227.186053 0.000719530 0.003950465 -0.000236853 0.004873630 -0.005039102 -0.006136745 0.999956608
1341846227.218443 0.003242193 -0.002018686 0.004433473 0.003007548 -0.005761517 -0.007678458 0.999949396
1341846227.253944 0.008391689 -0.001907174 0.005799766 0.004165835 -0.006139692 -0.009160328 0.999930561
1341846227.285981 0.006647452 -0.000191779 -0.000236317 0.005859884 -0.006331424 -0.010033218 0.999912441
1341846227.320064 0.008131577 -0.003609861 0.000829693 0.005451359 -0.008339166 -0.011315445 0.999886334
1341846227.353969 0.006393356 -0.000675083 0.000433364 0.006237652 -0.009903977 -0.013626766 0.999838650
1341846227.385846 0.002665733 0.000212477 -0.000525897 0.005702320 -0.011805673 -0.015362752 0.999796093
1341846227.418015 -0.000067165 0.003451157 0.001328449 0.004406771 -0.014917936 -0.018456995 0.999708652
1341846227.453997 0.005153868 0.003061285 0.003585299 0.003080237 -0.018581932 -0.021353332 0.999594569
1341846227.485981 0.002470539 0.001143952 0.004445435 0.002043698 -0.019030489 -0.024222504 0.999523401
1341846227.521976 0.003195720 -0.004224096 0.005001738 0.001133280 -0.020779101 -0.024694493 0.999478400
1341846227.553980 0.006186003 -0.007035160 0.004507590 0.002474764 -0.023676854 -0.025368119 0.999394715
1341846227.586047 0.010227028 -0.000446519 0.003516740 0.005226008 -0.024458094 -0.027273063 0.999315143
1341846227.622081 0.005435263 0.002306661 0.006364167 0.005280320 -0.022985712 -0.031120496 0.999237418
1341846227.653945 0.005293241 -0.006554262 0.004965821 0.003931523 -0.023353513 -0.030875036 0.999242723
1341846227.686038 0.007102909 -0.012124438 0.009401578 0.006189685 -0.024355633 -0.031365618 0.999192059
1341846227.721966 0.006543111 -0.005795189 0.012154168 0.009780725 -0.021758638 -0.032505784 0.999186873
1341846227.754130 0.005912431 -0.006816538 0.014379543 0.010665832 -0.018832732 -0.032306809 0.999243677
1341846227.789951 0.005639898 -0.006718750 0.013130238 0.012272684 -0.016737955 -0.031219276 0.999297082
1341846227.821920 0.013446400 -0.007280412 0.012445897 0.012524714 -0.016298262 -0.029821787 0.999343872
1341846227.854275 0.014410842 -0.006097659 0.012460974 0.013139884 -0.014235764 -0.029688220 0.999371469
1341846227.889935 0.008452802 -0.009877311 0.009546746 0.012768936 -0.011452969 -0.028834872 0.999437034
1341846227.921967 0.010444511 -0.012702039 0.008910082 0.012508572 -0.010675491 -0.028165061 0.999468029
1341846227.958123 0.017324943 -0.011564745 0.010795211 0.012796137 -0.010361377 -0.028548125 0.999456823
1341846227.989985 0.017546821 -0.010089521 0.007357470 0.011972982 -0.007941337 -0.030169442 0.999441564
1341846228.021937 0.017491067 -0.018968554 0.010018038 0.010839707 -0.007217426 -0.029902499 0.999467969
1341846228.058222 0.013892828 -0.015172871 0.007325260 0.013686128 -0.006155744 -0.028096085 0.999492586
1341846228.090097 0.021342393 -0.011344978 0.004663289 0.013909374 -0.005912799 -0.029095905 0.999462366
1341846228.121845 0.013820305 -0.014101661 0.006590533 0.010133022 -0.002707141 -0.028919831 0.999526739
1341846228.157875 0.026581326 -0.012626521 0.004744668 0.008230868 -0.004968600 -0.023906808 0.999668002
1341846228.189872 0.025566291 -0.009194026 0.003950054 0.006422735 -0.005395166 -0.022792701 0.999705076
1341846228.225994 0.024629477 -0.015167482 0.007953798 0.003688263 -0.005171884 -0.023623431 0.999700725
1341846228.258336 0.024770441 -0.015866440 0.008367540 0.004323451 -0.005999810 -0.023885399 0.999687374
1341846228.289941 0.027070060 -0.018601267 0.009135479 0.004583446 -0.006691142 -0.023025190 0.999702036
1341846228.326018 0.032140255 -0.017000517 0.010504852 0.005408731 -0.006828937 -0.022799160 0.999702156
1341846228.358243 0.032243811 -0.014031211 0.010796768 0.006190487 -0.004856542 -0.023311531 0.999697268
1341846228.389779 0.028214103 -0.016379263 0.007528977 0.005597533 -0.003929197 -0.022459717 0.999724388
1341846228.426073 0.035009883 -0.015938077 0.011306060 0.006184747 -0.004156106 -0.022469236 0.999719799
1341846228.493915 0.029595502 -0.010907130 0.001118052 0.007287564 -0.000824523 -0.021424057 0.999743581
1341846228.525907 0.028448764 -0.017339990 0.004662367 0.005625192 -0.001586512 -0.020449396 0.999773800
1341846228.558208 0.033564895 -0.012617375 0.009779022 0.006652153 -0.001902830 -0.020045277 0.999775171
1341846228.593899 0.027434904 -0.016923431 0.003650243 0.006182383 -0.000229738 -0.019507956 0.999790549
1341846228.626021 0.026921950 -0.018081035 0.002112447 0.005745040 -0.001989015 -0.018280372 0.999814451
1341846228.658069 0.025860855 -0.012157252 0.004308221 0.005650430 -0.002812418 -0.017544448 0.999826133
1341846228.693942 0.030851603 -0.012274835 0.006501232 0.004728716 -0.002818511 -0.018437900 0.999814868
1341846228.726069 0.033774775 -0.014135372 0.006917777 0.003866481 -0.001937298 -0.018025814 0.999828219
1341846228.762090 0.031279396 -0.017971473 0.003259323 0.003218463 -0.001536490 -0.015996641 0.999865711
1341846228.794000 0.034094669 -0.016411655 0.005561643 0.004682343 -0.002539623 -0.014738705 0.999877214
1341846228.825934 0.034976199 -0.013345168 0.004306598 0.006044684 -0.002079292 -0.014068434 0.999880612
1341846228.862015 0.037971694 -0.020455727 0.000184765 0.004592086 -0.002539773 -0.012641636 0.999906361
1341846228.893856 0.041829854 -0.023006037 -0.002383360 0.004440352 -0.004390595 -0.012346364 0.999904335
1341846228.926548 0.043260679 -0.010813240 0.002860268 0.006593934 -0.004495598 -0.012898532 0.999885023
1341846228.961940 0.042519927 -0.009797477 0.004268854 0.006251836 -0.003711717 -0.012518949 0.999895275
1341846228.994040 0.041840646 -0.010321246 0.002581641 0.005281364 -0.003480983 -0.012651816 0.999899983
1341846229.029897 0.039825372 -0.016925501 0.006793431 0.004336794 -0.003353769 -0.011483967 0.999919057
1341846229.061870 0.043404985 -0.010883235 0.006926748 0.006553765 -0.003549963 -0.010937766 0.999912500
1341846229.094829 0.033085365 -0.016763542 0.005560775 0.005879874 -0.001368796 -0.011022413 0.999921083
1341846229.129930 0.034302879 -0.015969023 0.004876242 0.005278246 -0.001044738 -0.009915485 0.999936461
1341846229.161882 0.043797314 -0.012461953 0.002830956 0.005314429 -0.001759208 -0.011052875 0.999923289
1341846229.197882 0.042874739 -0.023299104 0.000735993 0.003994654 -0.001749292 -0.010261225 0.999937892
1341846229.229812 0.038192112 -0.020596471 -0.000722942 0.005641865 -0.001710658 -0.009988823 0.999932766
1341846229.261994 0.034685064 -0.020577829 -0.000489935 0.006934297 -0.001539343 -0.011483300 0.999908864
1341846229.297920 0.034376919 -0.020388307 -0.002194497 0.006981877 -0.001678643 -0.012675921 0.999893963
1341846229.329933 0.035627760 -0.015880145 -0.003894456 0.007556009 -0.002819877 -0.012723708 0.999886572
1341846229.361996 0.035654280 -0.022237569 0.001170647 0.006922575 -0.003413142 -0.011709344 0.999901712
1341846229.398029 0.044816438 -0.024246529 0.001549741 0.009057415 -0.004086069 -0.010695479 0.999893427
1341846229.430182 0.043613020 -0.023651622 -0.003086868 0.011689019 -0.004129609 -0.010681516 0.999866128
1341846229.471963 0.041600686 -0.017953586 0.001566757 0.013514058 -0.004039680 -0.010749872 0.999842763
1341846229.530149 0.038729351 -0.022523860 -0.000771687 0.014811357 -0.002761970 -0.009499256 0.999841392
1341846229.566064 0.047883946 -0.024245752 -0.002069313 0.014910279 -0.004172309 -0.007304425 0.999853492
1341846229.630063 0.046146411 -0.017547915 -0.001045742 0.019270578 -0.001756462 -0.004214179 0.999803901
1341846229.665946 0.046238966 -0.020968188 -0.005096029 0.017987315 -0.001294261 -0.003569380 0.999831021
1341846229.698150 0.049962047 -0.026932674 -0.000876827 0.018261677 -0.001667520 -0.001571161 0.999830663
1341846229.733828 0.048171300 -0.028207704 0.002445006 0.021177117 0.000208584 -0.001237286 0.999774933
1341846229.765937 0.045225825 -0.019479232 -0.007032683 0.022904798 0.002084669 -0.001314731 0.999734640
1341846229.798002 0.046557553 -0.021450978 -0.009287847 0.020616893 0.001896639 -0.001860758 0.999783933
1341846229.833857 0.039313342 -0.031339366 -0.006331502 0.018847182 0.003230810 -0.003463139 0.999811172
1341846229.865928 0.041092765 -0.030232916 -0.005188928 0.020431733 0.003947440 -0.002976236 0.999779046
1341846229.897926 0.039198931 -0.024461035 -0.007572914 0.020798694 0.004758084 -0.004162632 0.999763727
1341846229.939857 0.034294203 -0.028496915 -0.006852048 0.018242793 0.005485598 -0.005731814 0.999802172
1341846230.002061 0.036351651 -0.023246033 -0.011133075 0.015985666 0.006434298 -0.006722522 0.999828994
1341846230.033858 0.031973887 -0.030984068 -0.010406274 0.012137370 0.006729124 -0.007368117 0.999876618
1341846230.065938 0.034038037 -0.029405715 -0.006210578 0.012074876 0.007097130 -0.005652800 0.999885976
1341846230.103878 0.033301324 -0.030367354 -0.008057687 0.011652996 0.008240947 -0.005854565 0.999881029
1341846230.103878 0.032893524 -0.030281736 -0.008796301 0.011677242 0.008235482 -0.005723390 0.999881566
1341846230.144719 0.033378098 -0.026217803 -0.008607147 0.011599748 0.008351090 -0.005927349 0.999880314
1341846230.172747 0.035849463 -0.029717220 -0.004423537 0.010797412 0.008391951 -0.003949099 0.999898732
1341846230.208544 0.037426103 -0.028360592 -0.007955294 0.011889086 0.008919131 -0.002990544 0.999885142
1341846230.271971 0.041241400 -0.033663139 -0.006412349 0.010045202 0.008362624 -0.002209864 0.999912202
1341846230.334051 0.034589034 -0.025521107 -0.004430460 0.015341765 0.009906743 -0.000671366 0.999833047
1341846230.370031 0.036967304 -0.032013033 -0.001787481 0.016472030 0.010277939 -0.000706330 0.999811292
1341846230.401932 0.040061489 -0.034754012 -0.004024728 0.018072722 0.011015003 -0.002268207 0.999773443
1341846230.437965 0.036527317 -0.032758892 -0.005636683 0.020148551 0.012049914 -0.003258724 0.999719083
1341846230.469920 0.040164433 -0.031692971 -0.007525988 0.021655504 0.011924262 -0.003577024 0.999688029
1341846230.501933 0.037335720 -0.031552963 -0.010855700 0.021379812 0.012383043 -0.004984053 0.999682307
1341846230.537834 0.040306751 -0.030790955 -0.007468008 0.020938938 0.011485069 -0.005028633 0.999702156
1341846230.569803 0.041482400 -0.032778300 -0.006678236 0.022421736 0.011019258 -0.005328127 0.999673724
1341846230.601945 0.040118910 -0.031558778 -0.011882412 0.024291161 0.010362354 -0.005515264 0.999635994
1341846230.637789 0.045436781 -0.034087226 -0.012746780 0.025173502 0.009017214 -0.005201289 0.999628901
1341846230.670057 0.041488741 -0.023538459 -0.016560238 0.026209218 0.009128139 -0.004916443 0.999602735
1341846230.705937 0.056178793 -0.026620490 -0.009312846 0.024711123 0.006338421 -0.004948096 0.999662280
1341846230.737932 0.039532658 -0.027432887 -0.011742936 0.025684245 0.008604950 -0.005586437 0.999617517
1341846230.769960 0.040993106 -0.026860146 -0.014060752 0.026759565 0.007943411 -0.004731061 0.999599159
1341846230.805852 0.042104095 -0.026514063 -0.014172220 0.027107911 0.007487483 -0.005028658 0.999591887
1341846230.837804 0.047642890 -0.030476082 -0.013369360 0.026959049 0.006274299 -0.004721314 0.999605715
1341846230.869829 0.057575628 -0.029435944 -0.012170066 0.028235910 0.005107574 -0.003341219 0.999582648
1341846230.905851 0.033128615 -0.034730833 -0.016672188 0.027813522 0.008326414 -0.004516730 0.999568284
1341846230.937917 0.033833452 -0.033709936 -0.016675938 0.027744923 0.006992451 -0.005432796 0.999575913
1341846230.973933 0.030797163 -0.040411703 -0.015954606 0.027402822 0.007062366 -0.005652066 0.999583602
1341846231.006047 0.029993845 -0.035931326 -0.015157354 0.029402750 0.007338994 -0.005079445 0.999527812
1341846231.037936 0.030748583 -0.034545094 -0.017242121 0.029547721 0.006332759 -0.004420862 0.999533594
1341846231.074310 0.047336198 -0.031699322 -0.014134822 0.029963143 0.003328171 -0.004826790 0.999533832
1341846231.106085 0.046515156 -0.035839271 -0.013533231 0.030674051 0.003193357 -0.004770393 0.999513030
1341846231.138083 0.035599403 -0.038737524 -0.022050882 0.031319492 0.004173568 -0.003468705 0.999494731
1341846231.174011 0.041536726 -0.035466764 -0.018716829 0.031652484 0.002757398 -0.004071917 0.999486864
1341846231.205909 0.043380998 -0.039747313 -0.023290768 0.032098010 0.002286861 -0.004525987 0.999471903
1341846231.241869 0.037426148 -0.041645367 -0.025802253 0.032983962 0.003638430 -0.004411730 0.999439597
1341846231.273832 0.037789542 -0.041829847 -0.023377158 0.033029035 0.003108295 -0.005196950 0.999436080
1341846231.305846 0.041515138 -0.043862585 -0.022347791 0.034108166 0.002327444 -0.004470913 0.999405444
1341846231.341923 0.038663000 -0.036600389 -0.026895678 0.034681343 0.002369401 -0.004222764 0.999386728
1341846231.410022 0.046644911 -0.034226619 -0.016950686 0.032743841 0.000545168 -0.005753604 0.999447107
1341846231.442103 0.056720357 -0.034479849 -0.011407100 0.032549974 -0.001233010 -0.003991632 0.999461412
1341846231.484245 0.032463040 -0.030526815 -0.015561524 0.033380546 0.001187131 -0.004032397 0.999433875
1341846231.484245 0.034822993 -0.030568391 -0.014661288 0.033409871 0.000849421 -0.003835360 0.999434114
1341846231.516816 0.029566908 -0.027665850 -0.016399901 0.032731261 0.001631016 -0.005421259 0.999448180
1341846231.547853 0.036188256 -0.023476092 -0.022123147 0.031090114 0.002107663 -0.006408623 0.999493897
1341846231.583898 0.036003139 -0.020691948 -0.017992202 0.028309382 0.003865271 -0.008538171 0.999555349
1341846231.615993 0.028932421 -0.032605287 -0.011614077 0.025372064 0.006879191 -0.012314886 0.999578536
1341846231.648015 0.020766130 -0.047197748 -0.005187219 0.024952143 0.007765571 -0.014721184 0.999550104
1341846231.683822 0.042127721 -0.055480398 -0.009148698 0.029015135 0.002742431 -0.014604699 0.999468505
1341846231.716153 0.037445221 -0.056284737 -0.007552587 0.035633184 0.002623422 -0.014206897 0.999260545
1341846231.747846 0.040716592 -0.035956379 -0.008765448 0.042755399 0.000647510 -0.014386098 0.998981833
1341846231.783993 0.048150081 -0.030933939 -0.011179715 0.043863200 -0.001493620 -0.014382038 0.998932958
1341846231.817027 0.051117137 -0.033504695 -0.012006055 0.043100931 -0.001889074 -0.013688718 0.998975158
1341846231.852317 0.048583135 -0.026354117 -0.012074373 0.043234233 -0.001967050 -0.013680676 0.998969436
1341846231.909867 0.047357362 -0.031931739 -0.010707223 0.038675353 -0.004109926 -0.012169122 0.999169290
1341846231.945837 0.041722108 -0.040702291 -0.009697367 0.037191715 -0.004096129 -0.011159198 0.999237478
1341846231.978027 0.047366861 -0.041300077 -0.009425658 0.036967672 -0.005047597 -0.011235273 0.999240637
1341846232.009966 0.037416562 -0.034704227 -0.008233854 0.036618870 -0.003989250 -0.012124318 0.999247849
1341846232.045845 0.034293614 -0.039844856 -0.006005510 0.035620742 -0.004967574 -0.010846896 0.999294221
1341846232.077961 0.033989724 -0.041382480 -0.005788612 0.035948966 -0.006046385 -0.009564599 0.999289632
1341846232.109864 0.038270559 -0.037405685 -0.007532942 0.036421172 -0.007157234 -0.010489515 0.999255896
1341846232.145999 0.035813376 -0.036742728 -0.009719322 0.036080152 -0.006564348 -0.011737932 0.999258399
1341846232.178314 0.039040096 -0.043397225 -0.011267787 0.034663830 -0.006822740 -0.011498732 0.999309599
1341846232.215951 0.041995507 -0.042665541 -0.008852417 0.035324495 -0.006849243 -0.011165604 0.999290049
1341846232.252037 0.038162857 -0.042306524 -0.009201361 0.036458649 -0.006399299 -0.009531355 0.999269307
1341846232.283944 0.041520510 -0.042068165 -0.007151937 0.037061598 -0.007027013 -0.007831852 0.999257624
1341846232.319867 0.043243092 -0.038935579 -0.008348979 0.037295830 -0.007037996 -0.006888549 0.999255776
1341846232.351854 0.042082753 -0.034603421 -0.009877281 0.035751842 -0.006455705 -0.007750492 0.999309838
1341846232.383877 0.046660721 -0.033455633 -0.010309502 0.033009712 -0.007279958 -0.009777912 0.999380708
1341846232.419782 0.046224304 -0.043073092 -0.009576308 0.030962678 -0.008168336 -0.010902178 0.999427795
1341846232.451780 0.048298426 -0.037654735 -0.008140693 0.033266835 -0.008725563 -0.011079860 0.999347031
1341846232.484170 0.043036453 -0.039906710 -0.006966870 0.033900630 -0.007548733 -0.011285493 0.999333024
1341846232.519889 0.046448439 -0.034940753 -0.006961264 0.035534360 -0.008281918 -0.010487378 0.999279141
1341846232.551877 0.047190379 -0.035356503 -0.007781502 0.035832405 -0.008585883 -0.010679909 0.999263883
1341846232.583846 0.046911556 -0.044295300 -0.008095414 0.036059268 -0.008296741 -0.010539263 0.999259710
1341846232.619798 0.056552295 -0.043266855 -0.006916529 0.038709730 -0.008971789 -0.009326654 0.999166727
1341846232.651799 0.045743071 -0.051653139 -0.012573845 0.038162149 -0.007228331 -0.009528522 0.999200046
1341846232.688092 0.052150093 -0.052015521 -0.008871119 0.040307447 -0.007605379 -0.009370781 0.999114454
1341846232.719804 0.054077968 -0.044286288 -0.007398491 0.043832738 -0.006924516 -0.010428330 0.998960495
1341846232.751767 0.055624407 -0.041823946 -0.007239122 0.045937408 -0.006141061 -0.011474766 0.998859584
1341846232.787894 0.057294335 -0.047104433 -0.003034570 0.046730004 -0.005629334 -0.012295563 0.998816013
1341846232.819886 0.047694523 -0.044316411 -0.003127770 0.049285315 -0.003011173 -0.012919612 0.998696685
1341846232.855850 0.064648151 -0.043974366 -0.000912193 0.051758960 -0.004935838 -0.013291216 0.998558998
1341846232.887989 0.061577674 -0.044831913 -0.005755893 0.052686997 -0.003742435 -0.013885651 0.998507559
1341846232.919822 0.062814035 -0.049145523 -0.006193380 0.052778706 -0.003346711 -0.014703225 0.998492420
1341846232.955993 0.068173207 -0.044588469 -0.006894592 0.054476026 -0.003940294 -0.013997447 0.998409271
1341846232.987965 0.077593997 -0.031347435 -0.009661350 0.056250118 -0.004474985 -0.013553649 0.998314679
1341846233.023868 0.068773963 -0.031635419 -0.008174597 0.054674022 -0.001170009 -0.014047496 0.998404801
1341846233.055880 0.068317071 -0.037378270 -0.008740665 0.052650958 0.000441551 -0.015011176 0.998500049
1341846233.087872 0.069519177 -0.043059018 -0.006789304 0.050995462 0.000291028 -0.015985776 0.998570919
1341846233.124060 0.066822186 -0.044319376 -0.005705182 0.051733386 0.000023690 -0.016593605 0.998523116
1341846233.155902 0.058554318 -0.048433825 -0.000359122 0.053273186 -0.000131450 -0.017384907 0.998428702
1341846233.218177 0.058941927 -0.044083696 -0.006355324 0.057748243 -0.000703408 -0.019132061 0.998147666
1341846233.249926 0.065263182 -0.043402500 -0.010634078 0.056401171 -0.001602513 -0.020227272 0.998202026
1341846233.286015 0.063444071 -0.044256371 -0.010367787 0.055321980 -0.000899880 -0.022123495 0.998223066
1341846233.317870 0.066598728 -0.048730306 -0.005105143 0.055463683 -0.000127189 -0.021549070 0.998228133
1341846233.349815 0.064587444 -0.045096911 -0.005311158 0.056738447 0.000253951 -0.020680875 0.998174846
1341846233.385857 0.038428608 -0.043077886 0.000733269 0.057216026 0.003599003 -0.020976968 0.998134971
1341846233.417990 0.056790080 -0.047809027 -0.003923548 0.056402102 0.000342348 -0.019042075 0.998226523
1341846233.453822 0.066158570 -0.050604962 -0.006032680 0.056920540 -0.002085827 -0.018524621 0.998204648
1341846233.485912 0.068440661 -0.052303039 -0.001574848 0.057880197 -0.003306678 -0.019446872 0.998128653
1341846233.517954 0.066968188 -0.049252614 -0.006824989 0.058000248 -0.004010135 -0.021040032 0.998086810
1341846233.553882 0.064664595 -0.049784847 -0.004791605 0.057890009 -0.004685861 -0.020757731 0.998096168
1341846233.585968 0.070567265 -0.057573017 -0.001505974 0.058218263 -0.006557996 -0.020428218 0.998073339
1341846233.621898 0.071000323 -0.052741982 -0.001437413 0.059993535 -0.006390932 -0.019963644 0.997978687
1341846233.654396 0.079561166 -0.041320480 0.001578634 0.061420884 -0.006598898 -0.019793883 0.997893870
1341846233.685848 0.075595610 -0.042111058 0.000568677 0.060426727 -0.005046926 -0.021159662 0.997935653
1341846233.721879 0.075112142 -0.040373653 0.000837965 0.059919886 -0.004473931 -0.020371668 0.997985303
1341846233.753961 0.073021151 -0.049491450 0.001380382 0.058197103 -0.003868956 -0.020717654 0.998082697
1341846233.822009 0.078388982 -0.041697398 0.001812783 0.057820935 -0.003322455 -0.018505303 0.998149931
1341846233.853971 0.075293206 -0.046915431 0.003316802 0.056035947 -0.002864904 -0.018680846 0.998249888
1341846233.889920 0.072056435 -0.047743369 0.001447432 0.055065613 -0.002608387 -0.019103847 0.998296559
1341846233.922045 0.072097309 -0.047226790 0.003266918 0.054273941 -0.003388891 -0.019953623 0.998320997
1341846233.953967 0.072769277 -0.045321718 0.005248418 0.054170772 -0.004276488 -0.019000182 0.998341739
1341846233.989945 0.061213233 -0.047390345 -0.005836824 0.053571749 -0.003662868 -0.020567851 0.998345435
1341846234.021936 0.060775284 -0.044872567 -0.004203212 0.052982561 -0.004310530 -0.020783907 0.998369873
1341846234.053904 0.064713381 -0.051385801 -0.002671827 0.051531076 -0.004542724 -0.021081757 0.998438537
1341846234.089899 0.066082761 -0.048070777 -0.005577444 0.051949754 -0.004098132 -0.021492191 0.998410046
1341846234.158063 0.063271493 -0.050565392 -0.003873658 0.051078249 -0.003517723 -0.021081546 0.998465955
1341846234.189961 0.065228686 -0.050133105 -0.004421332 0.052368112 -0.003496291 -0.020334866 0.998414695
1341846234.222130 0.070580766 -0.041096363 -0.003856344 0.053270541 -0.003752547 -0.020141706 0.998369992
1341846234.257875 0.067166246 -0.047226090 -0.003735850 0.050844815 -0.002841112 -0.019767521 0.998506904
1341846234.289820 0.069329232 -0.050846864 -0.001983640 0.050073188 -0.002360668 -0.019735256 0.998547792
1341846234.321998 0.065009668 -0.049521152 -0.000905715 0.051375803 -0.000761535 -0.020897895 0.998460412
1341846234.357904 0.064624161 -0.047170945 -0.000188247 0.052164521 -0.000750317 -0.021939535 0.998397231
1341846234.389919 0.064360783 -0.053066805 -0.001419657 0.051741354 -0.001661292 -0.020645492 0.998445749
1341846234.425915 0.063092433 -0.053164255 0.000274415 0.052882947 -0.002072061 -0.019570928 0.998406768
1341846234.457800 0.061062146 -0.046158221 -0.002813481 0.053407781 -0.002051085 -0.019248556 0.998385131
1341846234.490016 0.065220363 -0.045355152 -0.002934105 0.050451592 -0.003189883 -0.019629348 0.998528481
1341846234.525867 0.075284645 -0.046079677 0.002191832 0.049646266 -0.004757292 -0.018389558 0.998586237
1341846234.557961 0.071217112 -0.045379803 -0.000477234 0.049196854 -0.004126877 -0.017574072 0.998625994
1341846234.593900 0.075435311 -0.039180152 0.004433470 0.048667148 -0.005746219 -0.015936486 0.998671412
1341846234.658173 0.078995913 -0.041186661 0.004757361 0.047452770 -0.008345053 -0.013353247 0.998749435
1341846234.694104 0.080939159 -0.044105142 0.005210167 0.046640582 -0.009951665 -0.013259262 0.998774230
1341846234.725911 0.077449881 -0.047907956 0.005533706 0.046313703 -0.010919588 -0.012062429 0.998794436
1341846234.758643 0.081171244 -0.044790912 0.004777675 0.047891915 -0.012187160 -0.011559380 0.998711288
1341846234.793907 0.079877429 -0.041834395 0.003044503 0.047419775 -0.011961399 -0.012462324 0.998725712
1341846234.826106 0.072225995 -0.046672497 0.000682914 0.045750078 -0.010733196 -0.013042182 0.998810112
1341846234.862270 0.077721998 -0.049069565 0.006284958 0.045682658 -0.011817101 -0.012040555 0.998813570
1341846234.893971 0.071809426 -0.048923843 0.005114007 0.046913244 -0.011489043 -0.012327062 0.998756886
1341846234.926031 0.074208438 -0.046332736 0.006051528 0.047986791 -0.011842368 -0.013104161 0.998691797
1341846234.961979 0.079833731 -0.046278123 0.006265579 0.048492569 -0.012795147 -0.013553965 0.998649597
1341846234.994016 0.071953900 -0.047272351 0.004494498 0.048821680 -0.012209326 -0.014694060 0.998624802
1341846235.026311 0.074170269 -0.039828237 0.003204822 0.048527353 -0.013358915 -0.015369319 0.998614252
1341846235.061915 0.077941723 -0.042756364 0.003522236 0.046427980 -0.013695289 -0.015569041 0.998706400
1341846235.094075 0.071985446 -0.046688806 0.004828593 0.045156237 -0.012684799 -0.016047828 0.998770535
1341846235.130068 0.069331922 -0.048237465 0.004844066 0.045411602 -0.012772079 -0.015527435 0.998766005
1341846235.162449 0.070919327 -0.048725452 0.005798044 0.046467587 -0.014396032 -0.014558311 0.998709977
1341846235.193917 0.074132688 -0.051874720 0.003901000 0.046794001 -0.015515069 -0.014231784 0.998682678
1341846235.229939 0.076715037 -0.047103386 0.005985548 0.048619974 -0.015192133 -0.014745335 0.998592973
1341846235.261811 0.075368315 -0.048925389 0.005677701 0.048457943 -0.015330700 -0.015340866 0.998589814
1341846235.294134 0.076153047 -0.048334386 0.008004207 0.049601402 -0.015775187 -0.016187482 0.998513341
1341846235.329890 0.074788019 -0.048602119 0.004560868 0.049479697 -0.015579434 -0.017228886 0.998504996
1341846235.361974 0.077978067 -0.038805261 0.003314922 0.049111884 -0.015126400 -0.019485716 0.998488665
1341846235.398097 0.073740408 -0.042165522 0.003654251 0.046181224 -0.014280841 -0.021133175 0.998607397
1341846235.462163 0.075748257 -0.048592180 0.005529658 0.045514867 -0.014891393 -0.021426737 0.998622835
1341846235.498142 0.077219278 -0.038633242 0.006438721 0.046157606 -0.014921249 -0.023175940 0.998553813
1341846235.529989 0.071199998 -0.043986242 0.006787356 0.044342231 -0.014302199 -0.024060359 0.998624265
1341846235.561921 0.075241849 -0.048081178 0.006425887 0.044938341 -0.015328190 -0.023972888 0.998584509
1341846235.597951 0.070224397 -0.042866636 0.002524593 0.046150040 -0.014711984 -0.024476111 0.998526335
1341846235.630160 0.073751591 -0.043740660 0.004833846 0.044745803 -0.015790086 -0.025093267 0.998558402
1341846235.667679 0.070704699 -0.048161838 0.007359330 0.044901334 -0.015911790 -0.024603169 0.998561680
1341846235.705783 0.075997673 -0.047777139 0.006233816 0.046493966 -0.016928447 -0.024782281 0.998467624
1341846235.730392 0.072725981 -0.044410333 0.006065309 0.047157004 -0.016337141 -0.026086878 0.998413146
1341846235.766032 0.071038745 -0.049351234 0.008095191 0.047846034 -0.016262177 -0.026710739 0.998365104
1341846235.797942 0.068753511 -0.048692998 0.004305813 0.049081139 -0.016235881 -0.026713165 0.998305500
1341846235.833964 0.070386089 -0.046012558 0.005402518 0.049960218 -0.016339455 -0.026498528 0.998265922
1341846235.866037 0.068558834 -0.046987999 0.003705999 0.049843736 -0.016054204 -0.025372183 0.998305619
1341846235.898007 0.074811801 -0.048477609 0.005753281 0.050084259 -0.016773649 -0.024011504 0.998315454
1341846235.934106 0.079012096 -0.051026259 0.004858753 0.051848851 -0.016597707 -0.022729991 0.998258293
1341846235.965921 0.071611844 -0.044560611 0.003649880 0.053867906 -0.014415672 -0.022812450 0.998183370
1341846235.997897 0.078358993 -0.043922935 0.000227202 0.053356778 -0.014739378 -0.022594389 0.998211026
1341846236.034072 0.072063871 -0.051707845 0.004961343 0.052737515 -0.012818890 -0.022415074 0.998274505
1341846236.065823 0.071052983 -0.050017230 0.002842833 0.054381568 -0.012166689 -0.022348814 0.998196006
1341846236.101989 0.077127233 -0.039634265 0.002787403 0.054885458 -0.013245145 -0.022729168 0.998146057
1341846236.134258 0.076603152 -0.047671121 0.002442183 0.052982897 -0.013214984 -0.022086689 0.998263717
1341846236.166269 0.073496111 -0.044655558 0.001091726 0.054242417 -0.012871821 -0.021743579 0.998208046
1341846236.202022 0.074585803 -0.039649919 -0.002401353 0.054049239 -0.012363360 -0.022219785 0.998214483
1341846236.233893 0.072171137 -0.045339748 -0.001483904 0.051265337 -0.011913340 -0.022613579 0.998357952
1341846236.265924 0.074288726 -0.046998873 0.001530427 0.051001742 -0.012059451 -0.021408724 0.998396277
1341846236.302018 0.072385930 -0.048350446 0.000501138 0.051296871 -0.011679564 -0.021279933 0.998388410
1341846236.333756 0.080334820 -0.046988379 -0.002443026 0.051494021 -0.012531821 -0.021121487 0.998371243
1341846236.369949 0.074782647 -0.044547398 -0.000538385 0.051441085 -0.011053712 -0.021825509 0.998376369
1341846236.401964 0.074129269 -0.048129763 0.000463339 0.050648328 -0.010405153 -0.022066416 0.998418570
1341846236.433828 0.075217560 -0.051361494 -0.000034895 0.050459158 -0.010250305 -0.022714667 0.998415172
1341846236.469948 0.076612666 -0.047503751 0.000531887 0.052024774 -0.010049853 -0.022300029 0.998346210
1341846236.501946 0.075966008 -0.047279954 -0.002948298 0.052532285 -0.009104141 -0.021744963 0.998340964
1341846236.534764 0.068632148 -0.042904243 -0.005799714 0.051986910 -0.007338825 -0.021028198 0.998399377
1341846236.569956 0.071634948 -0.048892658 -0.001927171 0.050891526 -0.007159404 -0.018728774 0.998502910
1341846236.601901 0.074412972 -0.049385186 -0.002526966 0.051771361 -0.007345826 -0.017785111 0.998473585
1341846236.637896 0.082511581 -0.035972424 -0.005333932 0.052617755 -0.007747148 -0.017982498 0.998422801
1341846236.669818 0.081792504 -0.043838337 -0.007193435 0.049128111 -0.006498308 -0.019099426 0.998588741
1341846236.702100 0.082970016 -0.053665660 -0.000773623 0.047916401 -0.005337260 -0.019875661 0.998639345
1341846236.738521 0.088872045 -0.070911445 0.001902377 0.051089752 -0.006205644 -0.016982459 0.998530447
1341846236.769905 0.083591551 -0.067924544 0.002393010 0.060482800 -0.006433514 -0.015146892 0.998033643
1341846236.805999 0.084822558 -0.062187143 -0.001327688 0.063173883 -0.007547861 -0.015152656 0.997859001
1341846236.844067 0.082523212 -0.056893330 -0.006316829 0.063760653 -0.007057656 -0.015212511 0.997824311
1341846236.844067 0.083182372 -0.058680609 -0.006564444 0.063513272 -0.007197674 -0.015174537 0.997839689
1341846236.876573 0.080968641 -0.049451951 -0.008870623 0.063542686 -0.006361329 -0.017299900 0.997808933
1341846236.911899 0.074378699 -0.049517505 -0.007200920 0.060352840 -0.005542282 -0.019322433 0.997974694
1341846236.944484 0.078905009 -0.059678998 -0.001215823 0.059375834 -0.006591902 -0.017996307 0.998051703
1341846236.975811 0.077033825 -0.059489053 -0.008945549 0.061173260 -0.006257975 -0.016754096 0.997966945
1341846237.011848 0.083762102 -0.050255101 -0.008198243 0.061710533 -0.006640475 -0.016746132 0.997931480
1341846237.043850 0.083542593 -0.057125308 -0.007364373 0.059955020 -0.005429866 -0.018375192 0.998017192
1341846237.075882 0.074742265 -0.062691815 -0.006172054 0.060071785 -0.004289772 -0.016689636 0.998045385
1341846237.111887 0.078881375 -0.065055072 -0.006569866 0.062906303 -0.006101732 -0.015244904 0.997884333
1341846237.143863 0.079911694 -0.060056765 -0.010363044 0.065605469 -0.006595535 -0.014406706 0.997719884
1341846237.175838 0.076270521 -0.054099269 -0.010602850 0.065800816 -0.006413549 -0.014323644 0.997709394
1341846237.211847 0.081218280 -0.055657972 -0.008207348 0.063486792 -0.006875881 -0.013711324 0.997864842
1341846237.243895 0.080095842 -0.063819662 -0.008142226 0.063385144 -0.005581299 -0.013326319 0.997884572
1341846237.280228 0.076246075 -0.058163613 -0.009149319 0.065154240 -0.004883925 -0.012273520 0.997787774
1341846237.312079 0.080502182 -0.060650032 -0.007690752 0.064162605 -0.006541929 -0.011679212 0.997849643
1341846237.343828 0.083410554 -0.061137903 -0.008396179 0.064510077 -0.006983836 -0.010479098 0.997837663
1341846237.379983 0.081652589 -0.053400941 -0.010244408 0.065361232 -0.006195568 -0.010531380 0.997786880
1341846237.411962 0.076287895 -0.057360716 -0.010936604 0.063028261 -0.005469020 -0.011471406 0.997930825
1341846237.443790 0.082656600 -0.056637619 -0.008978897 0.061330624 -0.006543131 -0.012336737 0.998019874
1341846237.479911 0.077639483 -0.054081887 -0.010846294 0.060463760 -0.004632249 -0.014925639 0.998048127
1341846237.511862 0.074476443 -0.052261006 -0.010542382 0.059009522 -0.004563566 -0.015241045 0.998130620
1341846237.547914 0.069898359 -0.049352679 -0.010299102 0.057958044 -0.005695876 -0.014681510 0.998194873
1341846237.579956 0.072383679 -0.052524243 -0.007826556 0.056961190 -0.006943271 -0.014000701 0.998254120
1341846237.611852 0.071972206 -0.047200304 -0.007781519 0.057066534 -0.007244806 -0.013720290 0.998249829
1341846237.647976 0.075418584 -0.052509505 -0.007677429 0.055759776 -0.008317060 -0.013596652 0.998316944
1341846237.680417 0.071584590 -0.053478938 -0.009386812 0.055291910 -0.008486879 -0.012463545 0.998356402
1341846237.711902 0.069914624 -0.055864174 -0.008038130 0.055518117 -0.009073015 -0.011470200 0.998350561
1341846237.747860 0.073595546 -0.052565854 -0.007481598 0.057588499 -0.010043245 -0.012022651 0.998217583
1341846237.779848 0.072107032 -0.053289410 -0.009550853 0.057787310 -0.010200298 -0.012162826 0.998202741
1341846237.815934 0.068614885 -0.044587094 -0.009865675 0.057831798 -0.010737323 -0.011063930 0.998207331
1341846237.847966 0.072701044 -0.048452523 -0.009290334 0.055983726 -0.012533481 -0.009891160 0.998304009
1341846237.879781 0.072704099 -0.047335312 -0.010642255 0.055453893 -0.012702813 -0.010295810 0.998327374
1341846237.916026 0.068965487 -0.045987509 -0.011072075 0.054272007 -0.012656674 -0.011479811 0.998380005
1341846237.978064 0.071681812 -0.048220199 -0.008446123 0.053258862 -0.013087112 -0.011270764 0.998431385
1341846238.010069 0.068177387 -0.044368718 -0.010802464 0.052897107 -0.012442788 -0.011915217 0.998451412
1341846238.045995 0.069934152 -0.045796473 -0.011054331 0.051269863 -0.012826632 -0.011804697 0.998532712
1341846238.077963 0.069940880 -0.046062451 -0.007908759 0.050113730 -0.012923627 -0.011721838 0.998591125
1341846238.109791 0.070946813 -0.047799975 -0.007987455 0.050041862 -0.012996593 -0.011769998 0.998593211
1341846238.145837 0.073063143 -0.050976500 -0.008895440 0.050965387 -0.012966586 -0.011939368 0.998544872
1341846238.177943 0.071348041 -0.046533257 -0.010220227 0.051961478 -0.011993709 -0.012888283 0.998493969
1341846238.209943 0.070676483 -0.041396845 -0.008324640 0.050820198 -0.011732857 -0.013919601 0.998541892
1341846238.246227 0.072249696 -0.046979140 -0.005805096 0.049781922 -0.011818330 -0.013475725 0.998599291
1341846238.278227 0.071750708 -0.052607197 -0.007524861 0.049436491 -0.011648796 -0.013754227 0.998614609
1341846238.345918 0.074689284 -0.050211251 -0.006067417 0.049575888 -0.011028296 -0.016556103 0.998572230
1341846238.377978 0.070878103 -0.052225597 -0.007311382 0.050462771 -0.010788189 -0.015396815 0.998549044
1341846238.413879 0.067161120 -0.050148860 -0.006834948 0.051915899 -0.011096490 -0.015479263 0.998469830
1341846238.445979 0.070976593 -0.048715588 -0.007919373 0.052245311 -0.011684255 -0.016569572 0.998428464
1341846238.478188 0.072374329 -0.048354849 -0.005166118 0.051808547 -0.011546513 -0.017042894 0.998444855
1341846238.515328 0.066362552 -0.053485800 -0.006344161 0.051575162 -0.010716396 -0.017518092 0.998457968
1341846238.545906 0.071272470 -0.051109828 -0.005831650 0.053160552 -0.012125402 -0.017484680 0.998359263
1341846238.587827 0.071263656 -0.053183798 -0.008119047 0.053386640 -0.011825984 -0.018187257 0.998338282
1341846238.645944 0.068336926 -0.043665610 -0.007550928 0.053085793 -0.010423338 -0.018522445 0.998363733
1341846238.681933 0.072072260 -0.052950632 -0.007429716 0.051196881 -0.011266289 -0.017602218 0.998469889
1341846238.713917 0.072880253 -0.053354006 -0.006252992 0.051974703 -0.011522491 -0.016458835 0.998446345
1341846238.745925 0.070283070 -0.049927186 -0.009222749 0.053141154 -0.011218527 -0.015846053 0.998398244
1341846238.781932 0.069324814 -0.049289599 -0.008420813 0.052063659 -0.011545810 -0.016490465 0.998440921
1341846238.813869 0.073999196 -0.045921054 -0.006803561 0.051616117 -0.011709197 -0.016946498 0.998454571
1341846238.849931 0.072807506 -0.053431388 -0.005328374 0.049330536 -0.011115089 -0.017185610 0.998572826
1341846238.881927 0.071876422 -0.056598533 -0.004409911 0.049531121 -0.012064868 -0.016360274 0.998565733
1341846238.914000 0.069509566 -0.062873974 -0.005260522 0.051180460 -0.013739242 -0.014002013 0.998496771
1341846238.949903 0.072255008 -0.061853789 -0.001317688 0.054987274 -0.015537427 -0.012449821 0.998288572
1341846239.017941 0.072723046 -0.053636737 -0.006619468 0.058664169 -0.015372032 -0.016681839 0.998020053
1341846239.050041 0.068694457 -0.054116722 -0.006759908 0.058701493 -0.014230756 -0.018189970 0.998008370
1341846239.081902 0.070762910 -0.056428600 -0.005006691 0.058996461 -0.014709936 -0.019494496 0.997959495
1341846239.117866 0.074355900 -0.056188188 -0.006913532 0.059722483 -0.014940139 -0.020155942 0.997899652
1341846239.149976 0.073611163 -0.052693840 -0.005909975 0.060619991 -0.013946410 -0.020608025 0.997850776
1341846239.181897 0.072740994 -0.046164900 -0.006835033 0.060661614 -0.013759812 -0.020557459 0.997851849
1341846239.217929 0.066302203 -0.048775382 -0.007307304 0.058246158 -0.013045709 -0.021274824 0.997990310
1341846239.250009 0.071915805 -0.046007972 -0.004369637 0.057544246 -0.013346102 -0.020892279 0.998035133
1341846239.285917 0.071739480 -0.047531266 -0.002295221 0.056306493 -0.012554349 -0.020992292 0.998113930
1341846239.318442 0.075162061 -0.043048155 -0.003387289 0.055799391 -0.012525299 -0.020848574 0.998145759
1341846239.349930 0.069656052 -0.047557421 -0.004647790 0.053490564 -0.011226339 -0.020363063 0.998297632
1341846239.386011 0.072645836 -0.052920584 -0.003432019 0.052728817 -0.011094343 -0.019320901 0.998360336
1341846239.417983 0.067693822 -0.048431296 -0.003522206 0.053648725 -0.010543013 -0.019137958 0.998320878
1341846239.450112 0.069051735 -0.043583091 -0.004672404 0.053403355 -0.010709446 -0.019198045 0.998331010
1341846239.485973 0.072936758 -0.046924256 -0.004041940 0.051852908 -0.011069173 -0.018319620 0.998425305
1341846239.517913 0.073924869 -0.048420679 -0.003933739 0.050561875 -0.010696261 -0.017421495 0.998511732
1341846239.553979 0.072531924 -0.046875618 -0.002318402 0.049829625 -0.010599208 -0.017479796 0.998548508
1341846239.585911 0.074749053 -0.044014890 -0.000172327 0.049198467 -0.010888190 -0.016108543 0.998599768
1341846239.617967 0.071408764 -0.051854026 0.000571325 0.048273660 -0.010138253 -0.015664941 0.998659849
1341846239.653941 0.073604397 -0.049167149 -0.000696440 0.049582906 -0.010610330 -0.014945025 0.998601854
1341846239.685852 0.074312069 -0.044995356 0.000501285 0.050345838 -0.010998034 -0.014408896 0.998567402
1341846239.717923 0.073175885 -0.042352591 -0.002022180 0.050283458 -0.011397182 -0.014017247 0.998571634
1341846239.753857 0.073518522 -0.047922324 -0.001182752 0.049537670 -0.011480815 -0.014033624 0.998607695
1341846239.785918 0.069314204 -0.043231130 -0.003320312 0.049538799 -0.010941047 -0.014016288 0.998613954
1341846239.821950 0.070171274 -0.052312512 -0.001697823 0.047991585 -0.011691281 -0.013876259 0.998682916
1341846239.854023 0.069915198 -0.049483784 -0.000378023 0.049741983 -0.011974914 -0.013109659 0.998604238
1341846239.891801 0.071944527 -0.042685233 -0.001597960 0.050375305 -0.012340729 -0.013725840 0.998559833
1341846239.953963 0.071993627 -0.046727434 -0.000380400 0.049216539 -0.012091561 -0.014452321 0.998610437
1341846239.985997 0.069560885 -0.045795992 -0.003012087 0.049825870 -0.012180969 -0.014911140 0.998572350
1341846240.022055 0.069514565 -0.044354051 -0.001552636 0.050095208 -0.012610907 -0.016691120 0.998525381
1341846240.053998 0.071317658 -0.049181178 0.001922593 0.050191566 -0.012634978 -0.016891332 0.998516858
1341846240.089841 0.070674911 -0.050526008 0.000011005 0.051071472 -0.012715504 -0.017146399 0.998466849
1341846240.121795 0.068349935 -0.048203807 0.000889625 0.051997058 -0.012824150 -0.017573088 0.998410344
1341846240.159862 0.069371417 -0.053568721 -0.001094269 0.052961428 -0.012522374 -0.017843185 0.998358667
1341846240.159862 0.067449443 -0.052834760 -0.000878349 0.053095732 -0.012301122 -0.018129133 0.998349071
1341846240.195884 0.071556576 -0.046202019 -0.000896338 0.054846965 -0.012428927 -0.018222298 0.998251140
1341846240.227927 0.070258327 -0.046491459 -0.003512020 0.054819405 -0.012519044 -0.017777782 0.998259544
1341846240.290031 0.070378415 -0.050208751 -0.000169191 0.055738095 -0.012933418 -0.017327072 0.998211324
1341846240.322206 0.065830931 -0.048366841 -0.003278444 0.055712782 -0.012854745 -0.018053323 0.998200893
1341846240.357948 0.084738590 -0.048556250 -0.011601641 0.054626979 -0.016164633 -0.016236925 0.998243988
1341846240.422212 0.057123873 -0.047923625 -0.000412096 0.057398114 -0.011909772 -0.018501600 0.998108923
1341846240.458143 0.060912658 -0.044941146 0.002190033 0.057978895 -0.013036855 -0.018883299 0.998054087
1341846240.490243 0.058685560 -0.042262360 0.003833271 0.058111120 -0.013631149 -0.018310510 0.998049140
1341846240.525976 0.055563658 -0.047550112 0.002394320 0.058114417 -0.013697864 -0.019782649 0.998019934
1341846240.557894 0.061000489 -0.046370000 0.000707133 0.059444241 -0.014602155 -0.020514175 0.997914016
1341846240.590418 0.057381239 -0.044144176 0.001561042 0.060080711 -0.014325300 -0.020742822 0.997875154
1341846240.626172 0.064388588 -0.048592225 0.000938773 0.059485123 -0.016049195 -0.021215592 0.997874677
1341846240.657964 0.063779674 -0.048089489 -0.000172854 0.060082704 -0.016384320 -0.021711400 0.997822762
1341846240.689825 0.061294984 -0.046528231 0.001582091 0.061582107 -0.016072188 -0.022592565 0.997716904
1341846240.725903 0.063884884 -0.046152361 0.000622199 0.061029319 -0.016934287 -0.021523984 0.997760177
1341846240.757973 0.060700588 -0.050567862 0.000609645 0.060848210 -0.016761409 -0.021946009 0.997765005
1341846240.794024 0.057871394 -0.049930595 0.000800956 0.062475264 -0.016520236 -0.022047658 0.997666180
1341846240.826068 0.062656447 -0.046303794 -0.000186696 0.063552357 -0.017235843 -0.021852875 0.997590363
1341846240.858147 0.066809408 -0.041735891 -0.000784454 0.063331358 -0.017684661 -0.022053529 0.997592151
1341846240.894038 0.063489884 -0.045022946 -0.001333600 0.061849009 -0.017154850 -0.021924641 0.997697234
1341846240.925975 0.064127788 -0.045139726 0.000257586 0.061351653 -0.017267151 -0.021728259 0.997730315
1341846240.958080 0.060337350 -0.045434602 -0.001707389 0.060847722 -0.016758200 -0.021741262 0.997769535
1341846240.994099 0.065233536 -0.046983086 -0.001064930 0.060356267 -0.017490001 -0.021849789 0.997784495
1341846241.026041 0.067398228 -0.056757640 -0.000648607 0.059891395 -0.017922143 -0.021464637 0.997813225
1341846241.062449 0.066542290 -0.048820790 -0.002750637 0.061739579 -0.017342441 -0.022221452 0.997694254
1341846241.094372 0.062207036 -0.044628397 -0.001487994 0.061297804 -0.016729873 -0.023282748 0.997707665
1341846241.126068 0.067231387 -0.052636035 -0.005026366 0.059725393 -0.017705867 -0.022854624 0.997796118
1341846241.167863 0.067471623 -0.058363263 -0.009189168 0.060391773 -0.017760260 -0.022604605 0.997760713
1341846241.230127 0.067312561 -0.047392569 -0.001558161 0.061098550 -0.017267691 -0.024863569 0.997672617
1341846241.261868 0.027578553 -0.042194165 -0.006584881 0.062077042 -0.011251998 -0.027749995 0.997622132
1341846241.295211 0.069817826 -0.044476748 0.008883970 0.062505536 -0.017516559 -0.025420474 0.997567058
1341846241.329804 0.061831474 -0.046052914 -0.004929399 0.061149802 -0.016637655 -0.027002092 0.997624576
1341846241.362000 0.059542812 -0.047499053 -0.004131814 0.060767960 -0.016052518 -0.027465643 0.997644842
1341846241.394012 0.059073810 -0.046584267 -0.004944712 0.060736563 -0.015893111 -0.027495608 0.997648478
1341846241.430126 0.058294177 -0.046356704 -0.004196391 0.061036404 -0.015973538 -0.027460126 0.997629881
1341846241.462018 0.060080383 -0.046600696 -0.004613320 0.061095778 -0.016215963 -0.027965540 0.997608304
1341846241.497907 0.058745474 -0.047463547 -0.003345882 0.060914923 -0.015681699 -0.028144585 0.997622848
1341846241.529930 0.049996007 -0.046022762 -0.004352411 0.060858954 -0.014484307 -0.028413489 0.997636795
1341846241.562493 0.059071112 -0.045259245 -0.003879905 0.060670681 -0.016120428 -0.028196586 0.997629344
1341846241.598412 0.079323441 -0.045553606 -0.001681918 0.061275017 -0.019184871 -0.028244365 0.997536778
1341846241.629998 0.079043895 -0.045320619 -0.002543553 0.061497543 -0.018978439 -0.028330846 0.997524619
1341846241.662234 0.079471931 -0.045126010 -0.002101700 0.061681103 -0.019076090 -0.028082658 0.997518420
1341846241.698098 0.063366294 -0.045073412 -0.004727814 0.061638545 -0.016351435 -0.028033555 0.997570813
1341846241.729805 0.063336357 -0.044716936 -0.005034845 0.061445653 -0.016436471 -0.028309608 0.997573555
1341846241.765805 0.063785948 -0.044447538 -0.004505323 0.061693665 -0.016481183 -0.028572045 0.997549951
1341846241.797970 0.060163200 -0.046379481 -0.003556546 0.061863579 -0.015999835 -0.028790787 0.997541010
1341846241.830240 0.061417069 -0.046133023 -0.005462344 0.061961941 -0.016068963 -0.028809056 0.997533262
1341846241.865867 0.060909439 -0.046299666 -0.004785676 0.061832108 -0.016169721 -0.029037904 0.997533083
1341846241.898156 0.060223047 -0.045783393 -0.004065600 0.062213629 -0.016064230 -0.029086392 0.997509658
1341846241.929917 0.063284911 -0.046338815 -0.005634720 0.062728487 -0.016323820 -0.028876897 0.997479200
1341846241.965882 0.063779399 -0.045359548 -0.008153294 0.062368736 -0.016208230 -0.029396141 0.997488558
1341846241.998017 0.061207354 -0.046683144 -0.004547056 0.062070016 -0.015982632 -0.029246060 0.997515202
1341846242.034019 0.062865496 -0.046974357 -0.005714749 0.062336646 -0.015981197 -0.028234120 0.997527778
1341846242.066365 0.062457055 -0.047276050 -0.004404580 0.062853970 -0.016045760 -0.028375832 0.997490227
1341846242.097916 0.060280900 -0.047090024 -0.004041092 0.064204261 -0.015538473 -0.028915279 0.997396767
1341846242.133980 0.055741385 -0.049091723 0.002742407 0.064963289 -0.015632747 -0.028164780 0.997367620
1341846242.165895 0.058999356 -0.048286937 -0.004734419 0.065395281 -0.015525811 -0.028168686 0.997340918
1341846242.197924 0.054339483 -0.049992103 0.002305555 0.065831318 -0.014943754 -0.029531214 0.997281730
1341846242.234487 0.065922238 -0.047010198 -0.009613590 0.066984683 -0.015998639 -0.028536962 0.997217536
1341846242.269588 0.067518301 -0.044378288 -0.009831338 0.068352640 -0.016197072 -0.028203527 0.997130990
1341846242.301972 0.062087793 -0.046668775 -0.007481926 0.067660332 -0.015387797 -0.029295111 0.997159541
1341846242.333996 0.059163924 -0.048559211 -0.001177986 0.067672044 -0.014753573 -0.028965579 0.997177958
1341846242.366000 0.061668765 -0.046133142 -0.006818667 0.068815373 -0.014664772 -0.028857725 0.997104108
1341846242.401903 0.060691163 -0.046389859 -0.006454803 0.068605058 -0.014996417 -0.028698198 0.997118294
1341846242.433933 0.063840300 -0.050564408 -0.008090591 0.068239897 -0.015110401 -0.029642191 0.997114003
1341846242.469883 0.063665137 -0.047332861 -0.009044740 0.069755405 -0.014797702 -0.029300161 0.997023940
1341846242.501972 0.063325882 -0.045895565 -0.008881119 0.070373163 -0.014688006 -0.029717496 0.996969819
1341846242.534063 0.062643580 -0.045396257 -0.008720102 0.069672130 -0.014891194 -0.030273002 0.996999323
1341846242.569931 0.064131089 -0.045332439 -0.009796025 0.069474384 -0.014608816 -0.030087721 0.997022867
1341846242.602000 0.063746251 -0.044421528 -0.011081304 0.069649667 -0.014469784 -0.029490629 0.997030497
1341846242.634077 0.064139493 -0.043082010 -0.011347796 0.068885304 -0.014544684 -0.029885147 0.997070789
1341846242.670215 0.065319724 -0.044742178 -0.012525109 0.068046629 -0.014635248 -0.030006379 0.997123420
1341846242.701929 0.064093620 -0.044092797 -0.011094053 0.068036504 -0.014400986 -0.029719310 0.997136116
1341846242.737996 0.063867971 -0.044635344 -0.011769967 0.067569792 -0.014772815 -0.029882411 0.997157514
1341846242.769937 0.063895270 -0.046772968 -0.011345992 0.067918837 -0.014974344 -0.030653471 0.997107446
1341846242.808080 0.065557204 -0.044085119 -0.012708102 0.068634287 -0.015101427 -0.030551169 0.997059643
1341846242.869936 0.063831054 -0.044235870 -0.012147674 0.067036688 -0.015119283 -0.031254292 0.997146249
1341846242.902131 0.062943436 -0.044422962 -0.011378514 0.067007393 -0.014730312 -0.031447176 0.997148037
1341846242.938061 0.063556835 -0.043294787 -0.013165888 0.067871690 -0.015246467 -0.031611484 0.997076571
1341846242.969969 0.063075259 -0.045425352 -0.009784832 0.068365857 -0.015807556 -0.031590782 0.997034729
1341846243.005810 0.065004230 -0.043957982 -0.013187352 0.069322921 -0.016313026 -0.031395432 0.996966720
1341846243.038095 0.065669768 -0.042985220 -0.015020402 0.068939164 -0.016917013 -0.031448375 0.996981621
1341846243.070041 0.065266751 -0.040379491 -0.016942095 0.068262361 -0.017211754 -0.031798549 0.997012019
1341846243.106059 0.065444753 -0.044024721 -0.014587375 0.066903964 -0.017443003 -0.032115851 0.997089922
1341846243.137899 0.063431732 -0.041114084 -0.014070027 0.067459546 -0.016655235 -0.032272372 0.997060895
1341846243.169985 0.062425815 -0.041399829 -0.013695218 0.067653939 -0.016715303 -0.031831197 0.997060835
1341846243.206007 0.064793587 -0.043191589 -0.017016225 0.067203224 -0.017034413 -0.032496799 0.997064471
1341846243.237999 0.063678324 -0.040274493 -0.014051488 0.066778779 -0.016053867 -0.033276316 0.997083545
1341846243.274026 0.062432952 -0.041598652 -0.013835783 0.066456489 -0.015575740 -0.033498652 0.997105241
1341846243.305879 0.062866859 -0.042460505 -0.012809191 0.067050233 -0.015589026 -0.034099344 0.997044921
1341846243.338022 0.062863939 -0.042495701 -0.013789306 0.068051852 -0.015597421 -0.034143277 0.996975422
1341846243.374348 0.065671414 -0.044301055 -0.016760735 0.068658225 -0.016113611 -0.033549003 0.996945798
1341846243.405837 0.065017909 -0.041797839 -0.016006293 0.069263168 -0.016590385 -0.033874117 0.996885180
1341846243.442193 0.065705948 -0.043167472 -0.019997714 0.069237493 -0.016922006 -0.033688996 0.996887624
1341846243.473902 0.063915148 -0.044291917 -0.018302832 0.069403850 -0.016562270 -0.033674847 0.996882558
1341846243.505839 0.063904658 -0.042888366 -0.019125599 0.069489710 -0.016878277 -0.033640690 0.996872425
1341846243.542001 0.067937165 -0.043261696 -0.021259423 0.069044784 -0.017768171 -0.034051768 0.996873915
1341846243.574058 0.065859608 -0.045064457 -0.021266198 0.068843335 -0.016943734 -0.033457559 0.996922374
1341846243.605841 0.063898049 -0.045723125 -0.018300774 0.069027893 -0.016163977 -0.033301130 0.996927798
1341846243.642015 0.067102298 -0.044282921 -0.020964740 0.070093334 -0.016605450 -0.033104379 0.996852756
1341846243.673926 0.067576848 -0.043282133 -0.019481789 0.069952972 -0.016593914 -0.033371333 0.996853828
1341846243.710095 0.066731662 -0.046343345 -0.018645681 0.069782183 -0.016139919 -0.033464499 0.996870160
1341846243.741951 0.066888995 -0.042020448 -0.019139554 0.070462808 -0.016585285 -0.033683348 0.996807635
1341846243.774067 0.065137729 -0.042689446 -0.018810509 0.069496214 -0.016349690 -0.034437783 0.996853590
1341846243.809881 0.064298682 -0.043044727 -0.017966427 0.069189548 -0.015813550 -0.034539960 0.996880054
1341846243.841971 0.064205535 -0.044045467 -0.016355893 0.069551684 -0.015977701 -0.033550367 0.996885955
1341846243.874062 0.063449338 -0.043746237 -0.018617989 0.070252322 -0.016517859 -0.032700285 0.996856332
1341846243.910022 0.066870391 -0.043729182 -0.019813029 0.071006067 -0.016991792 -0.033244736 0.996776938
1341846243.978045 0.065141067 -0.040065169 -0.020576596 0.071120135 -0.015328817 -0.034153942 0.996765018
1341846244.009892 0.065699331 -0.041598815 -0.018551098 0.070041828 -0.015203569 -0.033890385 0.996852338
1341846244.042105 0.066297539 -0.044514135 -0.016653575 0.070709661 -0.014965752 -0.032778729 0.996845901
1341846244.077884 0.067431457 -0.043654159 -0.016639374 0.071577057 -0.015069203 -0.032317948 0.996797502
1341846244.115904 0.068731248 -0.041347679 -0.019882901 0.071181506 -0.015451436 -0.032224327 0.996823013
1341846244.115904 0.068660147 -0.041525416 -0.020046119 0.071158700 -0.015437231 -0.032242168 0.996824265
1341846244.151850 0.066986911 -0.043745816 -0.018198397 0.070273548 -0.015022804 -0.031751569 0.996909142
1341846244.184334 0.068160161 -0.044621482 -0.017088428 0.071242973 -0.014950183 -0.031033477 0.996864021
1341846244.215953 0.069812454 -0.042225581 -0.021856816 0.071443103 -0.015286520 -0.030980054 0.996846318
1341846244.251877 0.067861915 -0.043039441 -0.019872481 0.070538297 -0.015105348 -0.031181751 0.996907175
1341846244.283880 0.068899624 -0.044651475 -0.019649409 0.071282856 -0.015248337 -0.030961374 0.996858954
1341846244.316068 0.068386048 -0.042111613 -0.021344166 0.072266854 -0.015465389 -0.031039760 0.996782243
1341846244.351999 0.067643777 -0.041493576 -0.020370835 0.072064169 -0.015687307 -0.030994518 0.996794879
1341846244.384040 0.067411333 -0.042630002 -0.018962979 0.072314672 -0.016203562 -0.030561786 0.996781826
1341846244.419869 0.068964370 -0.043330368 -0.020301301 0.072494932 -0.016578130 -0.030202718 0.996773541
1341846244.451888 0.067621380 -0.041121915 -0.020838909 0.071934827 -0.015584005 -0.031236133 0.996798337
1341846244.483871 0.070636049 -0.042233884 -0.021549363 0.070841193 -0.015335184 -0.031152351 0.996883154
1341846244.519923 0.068889685 -0.045618188 -0.018118052 0.070548080 -0.014424239 -0.030817647 0.996927917
1341846244.551942 0.069099382 -0.044555683 -0.019498425 0.071674794 -0.013640529 -0.030035963 0.996882439
1341846244.583892 0.070808060 -0.043640710 -0.019243667 0.072255708 -0.013196873 -0.028324747 0.996896565
1341846244.619870 0.069871798 -0.043544892 -0.019758904 0.072119437 -0.012916116 -0.026718227 0.996954381
1341846244.651850 0.076876976 -0.047502711 -0.019722795 0.072268762 -0.013820110 -0.024672620 0.996984184
1341846244.683815 0.079094075 -0.047556605 -0.018256413 0.073146448 -0.013973962 -0.023788851 0.996939600
1341846244.719873 0.081601478 -0.041993033 -0.016585490 0.073829710 -0.013610081 -0.023299513 0.996905744
1341846244.751827 0.078853466 -0.047138404 -0.017410330 0.072620846 -0.012588496 -0.023977851 0.996991873
1341846244.788300 0.082893975 -0.049484804 -0.014132548 0.073318064 -0.012728127 -0.023965932 0.996939421
1341846244.820099 0.084048562 -0.049718969 -0.017237747 0.074212402 -0.012148256 -0.024018236 0.996879160
1341846244.851973 0.084858552 -0.056325331 -0.015239132 0.075196028 -0.011296097 -0.024081305 0.996814013
1341846244.887873 0.088664517 -0.053808875 -0.015881361 0.077172577 -0.010323653 -0.023692993 0.996682703
1341846244.920072 0.088283204 -0.055725824 -0.017133929 0.077149868 -0.008994051 -0.023514654 0.996701598
1341846244.952621 0.088057756 -0.058790300 -0.017207360 0.077466756 -0.008069612 -0.023281280 0.996690392
1341846244.987985 0.089995280 -0.053861562 -0.016466165 0.078918099 -0.007891960 -0.020985609 0.996628940
1341846245.020060 0.089789741 -0.048980687 -0.016585518 0.078495629 -0.007713705 -0.020663133 0.996670485
1341846245.051869 0.090165533 -0.050333261 -0.016363654 0.076650620 -0.006715040 -0.021862146 0.996795714
1341846245.088236 0.089284964 -0.049110249 -0.010777401 0.075824134 -0.005956830 -0.022001091 0.996860683
1341846245.119935 0.086054966 -0.055378519 -0.015544930 0.074550830 -0.005062652 -0.022257695 0.996955991
1341846245.151835 0.085910067 -0.055935461 -0.014233222 0.074795902 -0.005027731 -0.022783877 0.996925890
1341846245.187889 0.085473567 -0.055645414 -0.011689169 0.075813532 -0.004759670 -0.022633370 0.996853828
1341846245.219842 0.086105973 -0.049063426 -0.012146927 0.076569319 -0.004927837 -0.022041570 0.996808469
1341846245.256030 0.087450765 -0.050042052 -0.008664339 0.075703815 -0.004825081 -0.023153918 0.996849835
1341846245.287962 0.088005513 -0.052328933 -0.017232863 0.074969798 -0.004620182 -0.023601288 0.996895790
1341846245.319885 0.087822273 -0.051873449 -0.009994246 0.075139247 -0.004478735 -0.024642374 0.996858478
1341846245.355859 0.084515780 -0.049948726 -0.009326177 0.075285666 -0.004552169 -0.024981519 0.996838629
1341846245.387919 0.087420657 -0.052821759 -0.007571897 0.074874602 -0.005224158 -0.025148747 0.996862113
1341846245.423977 0.087210976 -0.054528613 -0.007792957 0.075004667 -0.005060200 -0.026146868 0.996827483
1341846245.455822 0.081783161 -0.056525093 -0.010545882 0.075149007 -0.004091764 -0.026911639 0.996800721
1341846245.487804 0.081513368 -0.055499818 -0.010019200 0.075760312 -0.004317631 -0.026470192 0.996765316
1341846245.523916 0.084292985 -0.053291515 -0.011045817 0.076038688 -0.004778575 -0.026349032 0.996745288
1341846245.555797 0.082324617 -0.054941900 -0.012139946 0.075665884 -0.004267120 -0.027120072 0.996755302
1341846245.591988 0.082324333 -0.057359185 -0.016046736 0.076230511 -0.004417891 -0.026501575 0.996728241
1341846245.623837 0.080763429 -0.053630352 -0.013078687 0.077867404 -0.004548581 -0.025046512 0.996638656
1341846245.655890 0.081960090 -0.052165944 -0.015369835 0.078246042 -0.004500125 -0.025215976 0.996604979
1341846245.692060 0.078166217 -0.053616516 -0.014718887 0.077335969 -0.003136274 -0.026920073 0.996636689
1341846245.724517 0.077848136 -0.055480074 -0.012035430 0.077565506 -0.002918894 -0.026018465 0.996643484
1341846245.760068 0.074754566 -0.056021914 -0.010184616 0.078601100 -0.002523065 -0.025504798 0.996576667
1341846245.791914 0.081849456 -0.053030100 -0.009555312 0.079254329 -0.003124778 -0.025404684 0.996525764
1341846245.824142 0.082597300 -0.052765403 -0.013741544 0.078919850 -0.002700142 -0.025108660 0.996561110
1341846245.860005 0.078241892 -0.051151484 -0.010387919 0.078680597 -0.001418036 -0.025037181 0.996584475
1341846245.891878 0.077265590 -0.052977230 -0.007170583 0.077525176 -0.001170742 -0.025377195 0.996666729
1341846245.927903 0.076527573 -0.056277741 -0.006001113 0.077527396 -0.000267507 -0.026001548 0.996651113
1341846245.986182 0.073039517 -0.053897165 -0.008983595 0.078558780 -0.000102964 -0.025198830 0.996590972
1341846246.022057 0.071370631 -0.056728825 -0.005409784 0.078817613 -0.000139619 -0.025673704 0.996558428
1341846246.053871 0.074369445 -0.058923852 -0.011888651 0.079759367 -0.000745220 -0.025086602 0.996498227
1341846246.085916 0.066106595 -0.056132827 -0.004119848 0.081623107 -0.000549400 -0.025052154 0.996348262
1341846246.121806 0.071271494 -0.051915761 -0.008129993 0.082807466 -0.002663098 -0.024520921 0.996260285
1341846246.153949 0.075948566 -0.060537834 -0.014027219 0.082494713 -0.003279053 -0.026248220 0.996240437
1341846246.222002 0.066182666 -0.053402785 -0.012527467 0.083551772 -0.001662467 -0.030170141 0.996045291
1341846246.253984 0.069685131 -0.056313094 -0.012393906 0.083169341 -0.002303367 -0.031230012 0.996043324
1341846246.289808 0.069183841 -0.056532606 -0.013383294 0.084299348 -0.001590954 -0.032184586 0.995919347
1341846246.322001 0.067546137 -0.051072158 -0.016607082 0.084217072 -0.000306010 -0.033230964 0.995893121
1341846246.353946 0.073732294 -0.055945981 -0.012791434 0.082175739 -0.000038015 -0.033578049 0.996052086
1341846246.389885 0.068743542 -0.046460222 -0.010577542 0.082084492 0.001271618 -0.034406714 0.996030509
1341846246.421855 0.069206849 -0.047014553 -0.008957840 0.082377359 0.001741909 -0.032858852 0.996057868
1341846246.457915 0.068060175 -0.044516012 -0.010387965 0.082078665 0.001971136 -0.030633574 0.996152997
1341846246.489829 0.077920616 -0.043598257 -0.010470213 0.081168853 0.001384210 -0.028639074 0.996287882
1341846246.521912 0.081336103 -0.043454908 -0.008784409 0.079933427 0.002633701 -0.027722964 0.996411145
1341846246.558038 0.081701159 -0.048331674 -0.009579074 0.078585811 0.004228459 -0.028383929 0.996494293
1341846246.589826 0.078649983 -0.048894256 -0.009976902 0.079203181 0.005299080 -0.027084855 0.996476471
1341846246.622033 0.077071421 -0.047919389 -0.012318542 0.079634339 0.005305964 -0.025330856 0.996488154
1341846246.658046 0.071557641 -0.046263814 -0.007501491 0.079114117 0.005461794 -0.024029147 0.996560991
1341846246.689939 0.070150420 -0.048268005 -0.008966649 0.078435466 0.004926976 -0.024888169 0.996596336
1341846246.725903 0.074037150 -0.047588151 -0.005263405 0.078462899 0.004126810 -0.025091790 0.996592700
1341846246.757894 0.074121930 -0.045128159 -0.004476871 0.077922441 0.004134320 -0.026872512 0.996588647
1341846246.789989 0.078175880 -0.043860476 -0.011493454 0.077283308 0.003566660 -0.026436865 0.996652305
1341846246.826059 0.072520621 -0.050207645 -0.000334897 0.076925315 0.003821028 -0.027046779 0.996662617
1341846246.857869 0.072736077 -0.050356183 -0.000284701 0.077910505 0.003444721 -0.026734347 0.996595919
1341846246.893944 0.073773563 -0.045445248 -0.004974626 0.078329071 0.002876887 -0.026458792 0.996572256
1341846246.925896 0.070572056 -0.046869926 0.005062614 0.077731982 0.002209953 -0.026418762 0.996621788
1341846246.958090 0.073407367 -0.047690175 0.000755826 0.077479705 0.002032699 -0.025675822 0.996661246
1341846246.993936 0.072959565 -0.047521733 0.000694587 0.077401996 0.002087212 -0.026733927 0.996639311
1341846247.026204 0.075614274 -0.047936086 -0.000120783 0.077360205 0.001532699 -0.028072055 0.996606827
1341846247.057936 0.073155545 -0.051425226 -0.001333536 0.077834010 0.001655156 -0.029295055 0.996534526
1341846247.093899 0.075323023 -0.049128305 -0.000702781 0.079027869 0.000986364 -0.028287215 0.996470511
1341846247.126028 0.074562676 -0.050735462 -0.005416234 0.078562155 0.000466475 -0.028702645 0.996495903
1341846247.162093 0.076598980 -0.053507719 0.003120594 0.079246208 -0.000170758 -0.027211780 0.996483624
1341846247.194072 0.077262938 -0.055841867 0.004273606 0.081988737 0.000770766 -0.025580313 0.996304691
1341846247.225977 0.073274657 -0.053717401 -0.001193766 0.083529726 0.001679311 -0.024150975 0.996211171
1341846247.261953 0.078010969 -0.064777233 0.000543482 0.085394688 0.001696218 -0.024079416 0.996054769
1341846247.293957 0.077232383 -0.060199484 0.006802183 0.090692259 0.002951090 -0.024318110 0.995577693
1341846247.325987 0.072753236 -0.048127387 0.001667249 0.092893958 0.002723550 -0.023733910 0.995389402
1341846247.361940 0.074455798 -0.047367860 0.000367799 0.090711914 0.001183966 -0.023164371 0.995607078
1341846247.430187 0.074603707 -0.046991028 0.002517119 0.086414047 0.000549760 -0.024042491 0.995968997
1341846247.462223 0.075277314 -0.052601665 0.005894666 0.084950909 -0.000413064 -0.024909537 0.996073663
1341846247.493952 0.076963291 -0.053161226 0.006771076 0.085210435 -0.000842269 -0.025944203 0.996024847
1341846247.530027 0.076312043 -0.056624897 0.005400117 0.085746787 -0.000750896 -0.025543611 0.995989203
1341846247.562209 0.082244962 -0.060939420 0.009508122 0.087800749 -0.001181539 -0.023549389 0.995859027
1341846247.594166 0.076804660 -0.053942505 0.005569908 0.090100586 -0.000731405 -0.023504602 0.995655060
1341846247.630035 0.077372089 -0.048327450 0.007591168 0.089239091 -0.001943329 -0.022795957 0.995747507
1341846247.662701 0.084733315 -0.051974978 0.014642101 0.087975413 -0.003058205 -0.021792188 0.995879531
1341846247.697913 0.078078128 -0.051087894 0.009755633 0.088696137 -0.001471097 -0.021044767 0.995835304
1341846247.730051 0.081413016 -0.051990308 0.010176060 0.087262437 -0.002979270 -0.019805782 0.995984018
1341846247.762180 0.086048707 -0.054344919 0.016768647 0.087885872 -0.004137469 -0.017718069 0.995964408
1341846247.798768 0.085264891 -0.054188762 0.011315526 0.089744717 -0.003406055 -0.016909845 0.995815396
1341846247.830259 0.086435109 -0.044443663 0.013457034 0.089585088 -0.003903101 -0.016297603 0.995838165
1341846247.865875 0.092621095 -0.052175194 0.017790021 0.087324530 -0.004689083 -0.015556104 0.996047437
1341846247.898157 0.085119493 -0.056082230 0.014584174 0.088889085 -0.002267768 -0.016240481 0.995906591
1341846247.930002 0.078372814 -0.047362339 0.009716221 0.090874322 -0.003066202 -0.015700249 0.995733917
1341846247.966006 0.083024383 -0.055815525 0.015053224 0.089132681 -0.005840007 -0.014733979 0.995893657
1341846247.998062 0.086491488 -0.060125019 0.018458277 0.090964556 -0.005959395 -0.013941904 0.995738745
1341846248.030615 0.087288819 -0.051531460 0.013229156 0.093176641 -0.005394495 -0.014700849 0.995526493
1341846248.065891 0.087739348 -0.045364317 0.011877962 0.092462778 -0.005341986 -0.015173635 0.995586216
1341846248.098211 0.096729524 -0.057508595 0.011608553 0.090250686 -0.005135476 -0.016074264 0.995776176
1341846248.133929 0.095369697 -0.053972714 0.013913186 0.092371158 -0.001011554 -0.018436108 0.995553493
1341846248.166050 0.091460831 -0.048255462 0.014254617 0.092259526 0.001591083 -0.020437010 0.995523989
1341846248.198024 0.087093569 -0.053520307 0.017033480 0.090590641 0.001871195 -0.021087086 0.995663166
1341846248.233930 0.095204107 -0.057444833 0.018518167 0.092319079 0.001206242 -0.020982586 0.995507717
1341846248.265968 0.092620894 -0.046895962 0.016379505 0.093796872 0.002409287 -0.022346864 0.995337665
1341846248.297927 0.084932528 -0.053602666 0.017787980 0.090696834 0.002978382 -0.025072530 0.995558441
1341846248.333956 0.084951617 -0.061956808 0.018580075 0.090170838 0.002603694 -0.027380340 0.995546520
1341846248.366013 0.082518205 -0.060199469 0.020995626 0.092198923 0.002894354 -0.028092921 0.995340049
1341846248.402093 0.085570060 -0.051821332 0.021888420 0.092790999 0.001311131 -0.026270559 0.995338142
1341846248.433862 0.090528108 -0.058651987 0.017984472 0.091909796 0.000684072 -0.026798833 0.995406449
1341846248.466804 0.092596583 -0.054180577 0.016454568 0.093408190 0.001742818 -0.027635699 0.995242774
1341846248.502139 0.083099365 -0.046091076 0.022724671 0.092461027 0.002602912 -0.028639767 0.995300949
1341846248.534215 0.083104722 -0.059099689 0.020401362 0.088611685 0.000383976 -0.027708590 0.995680749
1341846248.565971 0.090771303 -0.057045404 0.021627598 0.090789333 -0.000859705 -0.026890706 0.995506704
1341846248.602003 0.087790728 -0.047824074 0.020402502 0.090569459 0.000703264 -0.028015371 0.995495796
1341846248.640295 0.085726894 -0.058287095 0.023577515 0.088411681 0.001148951 -0.028051052 0.995688319
1341846248.640295 0.085912928 -0.058086932 0.023203950 0.088402703 0.001158792 -0.028082449 0.995688260
1341846248.675831 0.096308991 -0.059338830 0.022393925 0.091189779 0.000454755 -0.026901357 0.995470047
1341846248.708095 0.090979077 -0.057790466 0.023338322 0.092878446 0.002226725 -0.027714469 0.995289266
1341846248.740085 0.085300356 -0.061332792 0.024652489 0.091872379 0.002613073 -0.028264932 0.995366156
1341846248.802167 0.086558297 -0.059597470 0.023925342 0.094835632 0.001881832 -0.028309589 0.995088577
1341846248.833950 0.088999450 -0.060190089 0.023207447 0.094455838 0.001349101 -0.027876601 0.995137751
1341846248.869901 0.091391705 -0.065292545 0.024288407 0.095338836 0.000672956 -0.027409943 0.995067239
1341846248.901932 0.091073297 -0.062803432 0.023617500 0.097298086 0.001074566 -0.027560087 0.994873106
1341846248.938035 0.086889289 -0.057795607 0.024702558 0.097455844 0.001508575 -0.027432265 0.994860590
1341846248.969908 0.084889598 -0.057965904 0.026101818 0.096580811 0.001253678 -0.027713830 0.994938493
1341846249.001964 0.087465934 -0.062313326 0.025169093 0.095667593 0.000844939 -0.028247450 0.995012164
1341846249.037998 0.086123608 -0.055812143 0.023661103 0.096603326 0.001090769 -0.027194954 0.994950771
1341846249.069961 0.086039543 -0.056505468 0.025975984 0.095020719 0.000006862 -0.026353573 0.995126486
1341846249.105888 0.090877071 -0.060611192 0.026269464 0.094336152 -0.000031029 -0.026402745 0.995190263
1341846249.138041 0.086381212 -0.058641084 0.023858687 0.094715655 0.001832604 -0.026503094 0.995149851
1341846249.169904 0.088819340 -0.060375541 0.028228262 0.094566882 0.001195249 -0.024687601 0.995211661
1341846249.206013 0.091288514 -0.064111494 0.025295485 0.095577277 0.001732108 -0.024379084 0.995122015
1341846249.237872 0.091704153 -0.055677176 0.026919525 0.096640624 0.002904570 -0.024075016 0.995023906
1341846249.306095 0.095819749 -0.064906225 0.026821179 0.094978504 0.002983199 -0.023933044 0.995187163
1341846249.337853 0.096734375 -0.056532025 0.028267032 0.096963540 0.004146359 -0.023601664 0.994999468
1341846249.373854 0.094631284 -0.054917511 0.024114681 0.095207974 0.004848652 -0.024511723 0.995143771
1341846249.405928 0.099839680 -0.062393755 0.023438400 0.093527123 0.005408496 -0.025372654 0.995278716
1341846249.437945 0.098187469 -0.059699509 0.028071329 0.094931535 0.007340177 -0.025974253 0.995117843
1341846249.474182 0.096495271 -0.053120025 0.028749902 0.095126867 0.007470293 -0.025906432 0.995099962
1341846249.505956 0.096611656 -0.057754602 0.027868668 0.093158208 0.007405892 -0.025767159 0.995290339
1341846249.538288 0.097771779 -0.057295095 0.029336009 0.093125023 0.007617124 -0.025848575 0.995289743
1341846249.574263 0.098790742 -0.054119993 0.028925363 0.092871286 0.007381302 -0.025449226 0.995325446
1341846249.606015 0.096552163 -0.057561275 0.029105933 0.091157556 0.006768070 -0.024114769 0.995521426
1341846249.641995 0.096249349 -0.056408744 0.031980604 0.091680020 0.005192701 -0.021267546 0.995547831
1341846249.674108 0.099020399 -0.046762213 0.029471559 0.091293640 0.004010390 -0.020395052 0.995607138
1341846249.706034 0.097653560 -0.048726536 0.033289488 0.088386357 0.003048308 -0.019731792 0.995886147
1341846249.742012 0.096383117 -0.058483381 0.027747333 0.087073453 0.001814026 -0.018779757 0.996023238
1341846249.773906 0.096511193 -0.052720837 0.026560297 0.088285200 -0.000665602 -0.015680650 0.995971620
1341846249.806093 0.093992174 -0.049073841 0.028113496 0.087638788 -0.003319954 -0.013314240 0.996057808
1341846249.842148 0.094505921 -0.051422529 0.031505212 0.086676233 -0.005295438 -0.011936571 0.996150970
1341846249.873923 0.097506836 -0.050130188 0.024302838 0.086708002 -0.007694957 -0.010490389 0.996148825
1341846249.909991 0.092750058 -0.044911247 0.026698332 0.087092750 -0.010755753 -0.007895884 0.996110916
1341846249.942024 0.097546160 -0.044221412 0.028004805 0.086727791 -0.014229487 -0.006145747 0.996111512
1341846249.974199 0.098362036 -0.037467841 0.034104396 0.088022746 -0.015585521 -0.006789444 0.995973408
1341846250.010384 0.097934276 -0.037160859 0.029294761 0.087559603 -0.017114900 -0.006386264 0.995991766
1341846250.042022 0.100494199 -0.041557316 0.028215703 0.087191626 -0.019678337 -0.004633195 0.995986402
1341846250.078047 0.109563388 -0.040396258 0.026750630 0.089061707 -0.020432407 -0.004272962 0.995807409
1341846250.109945 0.113204263 -0.027468985 0.027012197 0.090155169 -0.019216103 -0.005343522 0.995728016
1341846250.141849 0.114360675 -0.030918786 0.026034577 0.087746032 -0.017882539 -0.005747450 0.995965779
1341846250.177803 0.122434825 -0.034711197 0.022661140 0.087557480 -0.016264511 -0.005280916 0.996012747
1341846250.210137 0.122091010 -0.024694595 0.028690131 0.089043453 -0.012107519 -0.006686133 0.995931745
1341846250.241903 0.118076660 -0.029439323 0.027801778 0.087615333 -0.009057091 -0.010349983 0.996059418
1341846250.277878 0.123014838 -0.024583703 0.027459109 0.087502249 -0.008391039 -0.011052572 0.996067703
1341846250.309873 0.117514543 -0.028640570 0.027127426 0.086511090 -0.007354797 -0.012130999 0.996149898
1341846250.346142 0.116986908 -0.028169036 0.029577352 0.086562656 -0.007750285 -0.011717450 0.996147394
1341846250.377944 0.121041313 -0.028166045 0.029983092 0.087441042 -0.008228991 -0.011337548 0.996071219
1341846250.410038 0.120964572 -0.029324031 0.028218571 0.087659478 -0.008400414 -0.011028444 0.996054113
1341846250.445984 0.116833493 -0.030338718 0.026727607 0.088623516 -0.007814284 -0.012629410 0.995954514
1341846250.477872 0.113818549 -0.025121421 0.027672937 0.088696808 -0.007615482 -0.013486199 0.995938241
1341846250.509930 0.110264145 -0.030993758 0.028036010 0.087738663 -0.009406770 -0.011316505 0.996034801
1341846250.546119 0.117911667 -0.026522188 0.031241743 0.088979498 -0.011567905 -0.010938146 0.995906234
1341846250.577998 0.115393013 -0.021243496 0.029418314 0.088194117 -0.010314653 -0.011800110 0.995980024
1341846250.613828 0.116893880 -0.024086745 0.032485183 0.086523920 -0.010415696 -0.010459320 0.996140420
1341846250.646114 0.118603595 -0.027124044 0.028661590 0.086632758 -0.010955551 -0.008924233 0.996140122
1341846250.677812 0.119785182 -0.018597286 0.031251747 0.087105446 -0.010739670 -0.006268461 0.996121526
1341846250.713958 0.120323934 -0.020386169 0.030859459 0.085353389 -0.009772880 -0.005999160 0.996284783
1341846250.745904 0.115593530 -0.024512343 0.029574811 0.084064059 -0.009002844 -0.004308470 0.996410370
1341846250.777886 0.118298411 -0.022029713 0.028579997 0.083890229 -0.011233037 -0.001817289 0.996410072
1341846250.814024 0.116898023 -0.023243247 0.025418716 0.082722321 -0.011913728 -0.001327792 0.996500611
1341846250.846025 0.117803968 -0.023787806 0.022972580 0.081228346 -0.011564915 -0.002286794 0.996625841
1341846250.881824 0.113421284 -0.027427288 0.030243061 0.081317246 -0.011312759 -0.002406752 0.996621192
1341846250.913808 0.121484615 -0.027173666 0.027672630 0.083582267 -0.012306969 -0.001527865 0.996423781
1341846250.946118 0.118212670 -0.028566012 0.028746789 0.083877094 -0.011186013 -0.002391602 0.996410489
1341846250.981803 0.115818642 -0.025831886 0.031112213 0.085224137 -0.010633968 -0.002731001 0.996301353
1341846251.014047 0.112653792 -0.027467687 0.031497102 0.085013606 -0.011721366 -0.004310625 0.996301591
1341846251.046033 0.119316153 -0.030638224 0.029550171 0.085368671 -0.013412388 -0.004569141 0.996248722
1341846251.081959 0.118851036 -0.032953929 0.029952405 0.086771876 -0.012749751 -0.005901590 0.996129155
1341846251.114058 0.120471388 -0.034503143 0.027509531 0.088598825 -0.012258364 -0.006208582 0.995972633
1341846251.149920 0.122440502 -0.029004086 0.028784109 0.090450048 -0.012112701 -0.006554439 0.995805740
1341846251.181983 0.124112241 -0.032147843 0.027433507 0.090830736 -0.011211987 -0.007891836 0.995771945
1341846251.214205 0.115644395 -0.028713172 0.029027607 0.092356898 -0.010408831 -0.008514121 0.995635152
1341846251.249978 0.113144316 -0.032761823 0.025325598 0.092059553 -0.012388313 -0.007920003 0.995644927
1341846251.281923 0.115592867 -0.033657502 0.031288497 0.092826821 -0.014003296 -0.008149573 0.995550454
1341846251.318026 0.111658052 -0.027682239 0.025515577 0.092761479 -0.014886564 -0.008735410 0.995538771
1341846251.350003 0.110368945 -0.028833907 0.024081174 0.090536401 -0.017218798 -0.008379839 0.995709062
1341846251.382003 0.110257044 -0.036328688 0.025723290 0.090077274 -0.019319383 -0.008166358 0.995713949
1341846251.417971 0.110947259 -0.024917508 0.026988417 0.091247171 -0.020195691 -0.009424736 0.995578885
1341846251.449878 0.106342249 -0.022678396 0.025535984 0.088489875 -0.020326100 -0.010827855 0.995810807
1341846251.481872 0.104210362 -0.025316047 0.029717827 0.085936382 -0.021874057 -0.010877167 0.996001124
1341846251.517870 0.102591798 -0.021735756 0.028379150 0.084687680 -0.023205904 -0.010802828 0.996078730
1341846251.549884 0.110288486 -0.021710448 0.030957347 0.082904346 -0.024585756 -0.010477126 0.996199131
1341846251.586071 0.106283166 -0.027748575 0.029537791 0.081580378 -0.023838511 -0.009856690 0.996332884
1341846251.618241 0.102311105 -0.024850588 0.033253610 0.083021022 -0.024133971 -0.007713522 0.996225655
1341846251.649917 0.108992189 -0.030429779 0.030065602 0.082959481 -0.024208875 -0.007724480 0.996228874
1341846251.686034 0.110219978 -0.029649338 0.028993865 0.083494663 -0.021974452 -0.009523603 0.996220410
1341846251.718103 0.105597325 -0.025343765 0.032702096 0.084206603 -0.020238820 -0.010332868 0.996189237
1341846251.749907 0.104238629 -0.026652081 0.034199681 0.084438279 -0.020663802 -0.009565821 0.996168494
