1341846313.592026 0.000000000 0.000000000 0.000000000 -0.000000000 -0.000000000 -0.000000000 1.000000000
1341846313.654184 0.005200437 -0.003537287 -0.002042757 -0.001268318 -0.003063429 0.004867118 0.999982715
1341846313.686156 0.012208228 -0.002703499 -0.001597435 -0.000047765 -0.005468067 0.004536281 0.999974787
1341846313.721918 0.018739155 0.001183203 -0.004438434 0.000288234 -0.006554894 0.004664182 0.999967635
1341846313.753994 0.028656656 -0.001732817 0.000471297 -0.000655347 -0.007673152 0.006473390 0.999949396
1341846313.789969 0.035257194 -0.001226234 0.000352294 0.000595230 -0.008296940 0.004875081 0.999953508
1341846313.822075 0.046147875 0.008977071 0.000876734 0.001879414 -0.007761698 0.003269972 0.999962747
1341846313.853928 0.059100948 0.003120797 0.002343617 0.000291656 -0.006479156 0.003176938 0.999973953
1341846313.890011 0.062365118 0.006716343 -0.000976934 0.000500498 -0.004146701 0.003991962 0.999983311
1341846313.922055 0.067827187 0.018600389 -0.003826797 0.000047825 -0.004021873 0.003546512 0.999985635
1341846313.957927 0.099978447 0.011363193 0.017516751 -0.003026587 -0.002820534 0.005655601 0.999975502
1341846313.990058 0.073056303 0.020943645 0.018615581 -0.002770666 0.008179532 0.005828135 0.999945819
1341846314.022042 0.093066998 0.024410820 -0.004001867 -0.005057083 0.007284487 0.008108265 0.999927819
1341846314.057816 0.115374796 0.012167513 -0.003300734 -0.010142208 0.007958440 0.009737897 0.999869525
1341846314.089801 0.123537101 0.012542780 0.005824515 -0.009071983 0.013243603 0.009478047 0.999826252
1341846314.122037 0.123732939 0.028863560 0.008996549 -0.008566269 0.017270120 0.013372224 0.999724746
1341846314.157989 0.125009149 0.026428372 0.008486954 -0.010863510 0.021581307 0.013196242 0.999621034
1341846314.190094 0.130577758 0.030675512 0.009131243 -0.010031153 0.025702627 0.014424968 0.999515295
1341846314.225969 0.137667477 0.032464299 0.003786095 -0.012740656 0.027135340 0.017813383 0.999391854
1341846314.257923 0.141184822 0.020262951 0.009574629 -0.016257172 0.029474167 0.017408373 0.999281704
1341846314.290052 0.150887519 0.025450036 0.019600801 -0.013957169 0.029629862 0.017155658 0.999316275
1341846314.325981 0.149278447 0.037984062 0.019976908 -0.013121862 0.032126624 0.014947338 0.999285877
1341846314.357905 0.162370771 0.032672357 0.025033131 -0.014502632 0.034377493 0.014305163 0.999201357
1341846314.389899 0.162308082 0.026118146 0.021241600 -0.014056581 0.037787486 0.013206918 0.999099672
1341846314.427905 0.170475855 0.035180088 0.019515986 -0.013055515 0.039301731 0.012838079 0.999059618
1341846314.493987 0.196713641 0.025093153 0.013096075 -0.013389650 0.046876557 0.006290026 0.998791158
1341846314.526085 0.190976486 0.034185570 0.005329526 -0.011942877 0.050777256 0.003061129 0.998633921
1341846314.558292 0.194749460 0.033018757 0.011412952 -0.013325743 0.054229312 0.002923454 0.998435378
1341846314.594085 0.211253762 0.026670717 0.014679844 -0.012742249 0.057321019 0.002944052 0.998270154
1341846314.626096 0.206224829 0.036259901 0.007629915 -0.011325164 0.062807195 0.004368841 0.997951865
1341846314.658455 0.209612742 0.038803689 0.009607293 -0.012844959 0.065242782 0.002812834 0.997782826
1341846314.694004 0.245268598 0.020551711 0.019750226 -0.015091902 0.064889200 0.004043790 0.997770190
1341846314.725910 0.236209109 0.015616572 0.017280515 -0.011180094 0.069656551 0.008572852 0.997471571
1341846314.761942 0.238234311 0.022805847 0.019887794 -0.006675676 0.070426382 0.011264346 0.997431099
1341846314.794030 0.255059898 0.020335909 0.016164919 -0.003862588 0.070938922 0.012836676 0.997390628
1341846314.826092 0.271400362 0.017332563 -0.001197544 -0.002032288 0.073825002 0.013724405 0.997174740
1341846314.862145 0.276766390 0.020708526 -0.000607493 -0.001415896 0.077543184 0.013899842 0.996891141
1341846314.894072 0.281148732 0.021371759 -0.001025016 -0.001621144 0.082093909 0.014996693 0.996510446
1341846314.925969 0.283612251 0.021464227 -0.007788413 -0.001830072 0.085056357 0.019267956 0.996188164
1341846314.961937 0.293818593 0.030812545 -0.000847809 -0.003898395 0.084007874 0.025978947 0.996118784
1341846314.994564 0.300672412 0.025686480 -0.000052874 -0.007941853 0.084618643 0.024730565 0.996074855
1341846315.029900 0.322541237 0.029830854 0.023079120 -0.007895891 0.086448513 0.023082191 0.995957613
1341846315.061965 0.321329951 0.030170534 0.026766764 -0.008279921 0.089320242 0.026516462 0.995615542
1341846315.094388 0.311734796 0.029974483 0.032749083 -0.007987600 0.090461791 0.025612669 0.995538533
1341846315.129851 0.324364364 0.031535998 0.027341327 -0.005956633 0.089487709 0.024571994 0.995666981
1341846315.161941 0.333614349 0.053287480 -0.000760874 -0.006975864 0.088095345 0.028936073 0.995667279
1341846315.197984 0.333537698 0.050962415 0.004049994 -0.013724440 0.086669758 0.025704989 0.995810866
1341846315.230076 0.341110468 0.039087329 -0.002396319 -0.018759063 0.085065410 0.021485453 0.995967090
1341846315.262069 0.344204336 0.039969277 0.007616278 -0.022149712 0.082231268 0.024574945 0.996064007
1341846315.298000 0.350878417 0.036613181 0.023946194 -0.024112424 0.078220129 0.026411977 0.996294439
1341846315.329931 0.362318218 0.022707181 0.034006137 -0.021552613 0.076397888 0.027839839 0.996455610
1341846315.361981 0.367005110 0.029105930 0.028787360 -0.015703442 0.075484514 0.030586926 0.996554077
1341846315.397962 0.366460770 0.026457626 0.023766957 -0.012879075 0.076491371 0.033010170 0.996440470
1341846315.429923 0.375577450 0.029823568 0.021351667 -0.009642635 0.077721395 0.034214485 0.996341228
1341846315.466047 0.396466613 0.030800669 0.007969217 -0.008707931 0.078835256 0.038757157 0.996095896
1341846315.497883 0.396062374 0.032738719 0.011703966 -0.009205176 0.082165241 0.042703077 0.995660901
1341846315.530008 0.390002459 0.032895159 0.008795613 -0.009343589 0.085171059 0.043036524 0.995392621
1341846315.566108 0.390005082 0.034487229 0.004786989 -0.009916932 0.086849801 0.043398045 0.995226324
1341846315.597986 0.390516609 0.033228349 0.007366329 -0.010123892 0.088408999 0.041914359 0.995150506
1341846315.630109 0.390603364 0.032492697 0.006738821 -0.009952120 0.089753300 0.040662695 0.995083869
1341846315.666042 0.396775007 0.040720943 0.001870530 -0.010122041 0.090768382 0.041015301 0.994975567
1341846315.698114 0.424885690 0.048850123 -0.013360136 -0.015150354 0.090016358 0.041701496 0.994951487
1341846315.733985 0.414964616 0.027369650 -0.002727624 -0.020451730 0.093922503 0.043310370 0.994426727
1341846315.766041 0.393595815 0.032855421 0.008842256 -0.019517016 0.094723523 0.042503487 0.994404376
1341846315.798188 0.398553431 0.027966755 -0.001213084 -0.021193292 0.093339942 0.041752756 0.994532645
1341846315.834140 0.397206455 0.024137206 0.010188758 -0.020381410 0.095789440 0.039930265 0.994391620
1341846315.866751 0.397932738 0.024826923 0.008495080 -0.017874753 0.096748419 0.039919440 0.994347394
1341846315.898492 0.397347331 0.023046385 0.013590874 -0.016845420 0.096939415 0.039554331 0.994361341
1341846315.936901 0.393173248 0.014258959 0.015364232 -0.014651434 0.098948635 0.039485037 0.994200945
1341846315.966572 0.382050723 0.015510557 0.013223473 -0.010873932 0.101422697 0.039298780 0.994007528
1341846316.034204 0.364330083 0.009504759 0.014939275 -0.007835587 0.102898784 0.037013423 0.993972123
1341846316.066113 0.352257639 0.008099044 0.019758165 -0.005277372 0.103825085 0.035995528 0.993930042
1341846316.101867 0.348975420 0.018651001 0.011262896 -0.002846099 0.101503536 0.037431657 0.994126678
1341846316.134066 0.337080836 0.021123203 0.012922909 -0.003272133 0.099267952 0.034362711 0.994461894
1341846316.202049 0.323134869 0.007760977 0.018109664 -0.004595437 0.094911382 0.030249933 0.995015442
1341846316.233979 0.321772993 0.010379387 0.012020818 -0.003709445 0.093208320 0.028428920 0.995233774
1341846316.270052 0.315161377 0.013432578 0.006007319 -0.004692833 0.094405942 0.024885384 0.995211661
1341846316.301915 0.307159632 0.003616288 0.015103159 -0.005374393 0.096099973 0.023642592 0.995076358
1341846316.334208 0.299130708 0.002174285 0.022131439 -0.003755861 0.095447905 0.025069145 0.995111644
1341846316.370006 0.288201451 -0.000552000 0.016388414 -0.001848605 0.094991773 0.024848342 0.995166183
1341846316.401994 0.281109244 0.002630240 0.018680353 0.000162716 0.094460279 0.027417865 0.995151043
1341846316.438069 0.276795208 -0.003833955 0.016767440 0.001844659 0.093661107 0.029942749 0.995152116
1341846316.470076 0.276371837 -0.001237661 0.021159679 0.007381277 0.091874383 0.031872600 0.995233059
1341846316.502034 0.262057632 0.011833248 0.017387984 0.010508655 0.090275474 0.033561803 0.995295703
1341846316.537975 0.257150888 0.018398641 0.018314524 0.008758581 0.087171234 0.030986246 0.995672882
1341846316.570121 0.248637244 0.006602752 0.024267724 0.007517959 0.087467857 0.027643345 0.995755374
1341846316.601885 0.244031310 0.000346934 0.022353040 0.008866697 0.086566083 0.027027128 0.995840013
1341846316.638009 0.234000772 -0.003536842 0.021449991 0.010966802 0.085484244 0.028611079 0.995868325
1341846316.669925 0.225407660 -0.005838264 0.024869643 0.013329746 0.085256547 0.027529508 0.995889485
1341846316.705941 0.220545769 -0.010144654 0.021365685 0.017340800 0.085071035 0.028823614 0.995806932
1341846316.738062 0.205746129 -0.001612766 0.018072288 0.020383224 0.085386209 0.031232715 0.995649695
1341846316.770433 0.195580930 0.002290166 0.013768041 0.019868659 0.085021019 0.031005373 0.995698512
1341846316.805932 0.191087633 -0.009076305 0.019411227 0.019417631 0.084728412 0.030945828 0.995734155
1341846316.838029 0.177484944 -0.004925590 0.018286224 0.021184886 0.084048241 0.032709584 0.995699406
1341846316.870034 0.162701890 -0.011220197 0.024593428 0.021036424 0.081576966 0.034326859 0.995853662
1341846316.906344 0.127640262 -0.015852096 0.001520204 0.021818975 0.082400538 0.032447174 0.995831966
1341846316.937940 0.125595182 -0.012749526 -0.003274834 0.021917431 0.080692336 0.029746298 0.996053994
1341846316.973994 0.140686646 -0.011576872 0.004920918 0.021166097 0.075275026 0.030020069 0.996486127
1341846317.005913 0.131331652 -0.012035263 0.013944597 0.020105066 0.072698385 0.031220296 0.996662438
1341846317.037936 0.125262797 -0.019882116 0.008817395 0.019784596 0.070163727 0.029707661 0.996896803
1341846317.073972 0.125926331 -0.021652477 0.009908482 0.020862233 0.067574374 0.031252906 0.997006416
1341846317.106113 0.110000238 -0.027182080 0.006074741 0.022773661 0.066967197 0.035157405 0.996875465
1341846317.137887 0.086522490 -0.027655739 -0.005081172 0.025909143 0.062630810 0.036916435 0.997017264
1341846317.173970 0.075452000 -0.018136634 0.003780195 0.028222525 0.055975590 0.038262472 0.997299552
1341846317.205887 0.074959278 -0.016154399 0.019875187 0.028594969 0.052337568 0.040689919 0.997390389
1341846317.248131 0.070312828 -0.019931214 0.024884339 0.029610351 0.049387280 0.043600589 0.997388244
1341846317.306289 0.067678928 -0.008454975 0.020880297 0.032700509 0.041566171 0.046557885 0.997514546
1341846317.348137 0.067085832 -0.014309955 0.016179619 0.033249788 0.042062804 0.048516445 0.997382224
1341846317.410120 0.047365088 -0.008965421 0.025248440 0.035709340 0.042369809 0.053475805 0.997030616
1341846317.442569 0.046954278 -0.027526770 0.030983217 0.036294784 0.041937020 0.056155302 0.996880472
1341846317.474010 0.033762846 -0.025929740 0.033487238 0.042092070 0.043171223 0.057999268 0.996494174
1341846317.509927 0.020155678 -0.014696821 0.034616183 0.046313636 0.041663148 0.062957488 0.996070147
1341846317.542282 0.011919939 -0.012474451 0.032398857 0.045666814 0.039054506 0.063141800 0.996193945
1341846317.573943 0.016260155 -0.015529162 0.036087126 0.045580812 0.039155949 0.061457284 0.996299267
1341846317.610159 0.004327307 -0.020493800 0.040063016 0.047810830 0.041866053 0.061829746 0.996061504
1341846317.643553 -0.011952510 -0.013597559 0.037922509 0.050996460 0.042120095 0.064731121 0.995708346
1341846317.677993 -0.022440843 -0.020734996 0.044769112 0.051416177 0.039108053 0.066989496 0.995660245
1341846317.709996 -0.039582279 -0.023362590 0.027556866 0.053105742 0.036815539 0.065323912 0.995769680
1341846317.741834 -0.042979125 -0.014654870 0.026788309 0.054087471 0.035259280 0.065768763 0.995743871
1341846317.777923 -0.047543403 -0.016333627 0.028817445 0.052451212 0.033752225 0.065898202 0.995875061
1341846317.810021 -0.062543631 -0.018121125 0.033612575 0.051857054 0.033063695 0.063281022 0.996098995
1341846317.841886 -0.074876055 -0.011991709 0.036059164 0.051783577 0.032818019 0.060819421 0.996264279
1341846317.878017 -0.075191751 -0.010847454 0.034685090 0.049180839 0.031654257 0.057576962 0.996626377
1341846317.909910 -0.076608635 -0.017410051 0.036164213 0.047705092 0.032500882 0.054609161 0.996837854
1341846317.946031 -0.090183325 -0.019096620 0.042630531 0.048976868 0.034021240 0.055596769 0.996670902
1341846317.978041 -0.108793147 -0.026128789 0.034117382 0.050661065 0.033711873 0.055572290 0.996598601
1341846318.009897 -0.103425391 -0.019740548 0.042975891 0.053579934 0.032881558 0.054347657 0.996541202
1341846318.045949 -0.116640508 -0.013696911 0.045831967 0.054270405 0.034648895 0.053251065 0.996503174
1341846318.078074 -0.131230265 -0.019407548 0.038995735 0.052968860 0.033494733 0.052832063 0.996635020
1341846318.109894 -0.141812131 -0.018642906 0.036111578 0.053072188 0.029399168 0.050641682 0.996872365
1341846318.145957 -0.141522005 -0.016159741 0.036138281 0.052411467 0.026290426 0.047950152 0.997127235
1341846318.178001 -0.148335144 -0.022068810 0.038355224 0.051179506 0.026767153 0.045034327 0.997314513
1341846318.214074 -0.167248070 -0.025537157 0.046740852 0.051320277 0.026794896 0.040536482 0.997499466
1341846318.245970 -0.173067078 -0.031513147 0.051987413 0.054159198 0.021224774 0.042381112 0.997406721
1341846318.278018 -0.182351023 -0.026797632 0.057981249 0.058777526 0.016245455 0.041976463 0.997255862
1341846318.313937 -0.208567023 -0.032229375 0.037597630 0.060127977 0.011376097 0.041192558 0.997275472
1341846318.345989 -0.213859737 -0.031559728 0.047594611 0.061959118 0.002293027 0.040420163 0.997257292
1341846318.382046 -0.216057494 -0.031362474 0.051479422 0.064249799 -0.005522715 0.040073346 0.997113645
1341846318.414072 -0.222063214 -0.035102379 0.048049558 0.065409377 -0.012433887 0.040500864 0.996958792
1341846318.446035 -0.225804016 -0.036402371 0.054010794 0.067680351 -0.019516665 0.041294653 0.996661067
1341846318.482196 -0.250238299 -0.027438061 0.042401511 0.069399245 -0.019891299 0.038042709 0.996664882
1341846318.514144 -0.254722208 -0.027544539 0.040818818 0.069542497 -0.021863671 0.039585650 0.996553481
1341846318.546259 -0.260383338 -0.033927403 0.043557864 0.070694335 -0.023175793 0.039304927 0.996453881
1341846318.582042 -0.273424804 -0.025201065 0.046043981 0.072876751 -0.022159001 0.037676107 0.996382713
1341846318.614115 -0.291115850 -0.028586214 0.036646977 0.072055608 -0.021717373 0.037347086 0.996464550
1341846318.650038 -0.287161350 -0.025002195 0.045476869 0.072152644 -0.023325043 0.035592299 0.996485472
1341846318.682350 -0.298928440 -0.024275683 0.045566004 0.071840890 -0.023428669 0.033908706 0.996564209
1341846318.714063 -0.309122592 -0.023867445 0.043053199 0.071352839 -0.024237478 0.033180654 0.996604443
1341846318.749905 -0.317131937 -0.033903483 0.035783526 0.071427330 -0.024397174 0.034523342 0.996549606
1341846318.782036 -0.329230607 -0.031472422 0.037601747 0.073244333 -0.024816077 0.036207676 0.996347547
1341846318.814121 -0.342778474 -0.033016890 0.040098134 0.073184952 -0.030063657 0.034873385 0.996254981
1341846318.850072 -0.361993283 -0.039739858 0.008169364 0.072948858 -0.034766968 0.031608272 0.996228278
1341846318.883516 -0.373697340 -0.052996587 -0.003517104 0.074574575 -0.042132735 0.030771822 0.995849669
1341846318.918047 -0.389399141 -0.041540451 0.011309478 0.079293549 -0.054657973 0.029401427 0.994917393
1341846318.950044 -0.396460623 -0.045471497 0.014120298 0.081189238 -0.064463034 0.026650285 0.994254827
1341846318.982028 -0.401169211 -0.045692693 0.008066071 0.082484975 -0.068489447 0.023948811 0.993947685
1341846319.018123 -0.407982558 -0.044867851 0.011095228 0.081860140 -0.073186502 0.023094242 0.993684709
1341846319.050745 -0.406305134 -0.058071971 0.021116659 0.082573421 -0.081305265 0.022923509 0.992998302
1341846319.081905 -0.415732145 -0.050305758 0.009723295 0.089083277 -0.080897801 0.019720012 0.992537618
1341846319.117976 -0.436213642 -0.047020648 -0.000963632 0.091362894 -0.079404086 0.025837395 0.992310584
1341846319.150093 -0.438710690 -0.048403304 0.012919762 0.093171552 -0.084491648 0.032625366 0.991521955
1341846319.186069 -0.439741999 -0.032282833 -0.005408888 0.095845558 -0.086063750 0.033436533 0.991104782
1341846319.218149 -0.467896432 -0.028475735 -0.028622126 0.092800438 -0.078328192 0.030515222 0.992129862
1341846319.250034 -0.458260775 -0.018592495 0.001328609 0.087054372 -0.073960379 0.030825360 0.992975950
1341846319.286594 -0.464109749 -0.030278496 0.010345879 0.084538549 -0.071271829 0.034661137 0.993263423
1341846319.318034 -0.460223615 -0.027556477 -0.003578083 0.084992908 -0.071373522 0.038126253 0.993090332
1341846319.350268 -0.485586435 -0.030524062 0.009533343 0.086084448 -0.069655649 0.043919858 0.992878973
1341846319.386163 -0.513110578 -0.038200624 -0.005482954 0.087426610 -0.072637923 0.050596800 0.992229998
1341846319.418386 -0.491622508 -0.034487516 -0.014837462 0.088067710 -0.080293290 0.053408910 0.991435587
1341846319.453961 -0.516282320 -0.032131340 0.006454539 0.090024956 -0.080781519 0.047352608 0.991527915
1341846319.486271 -0.517042875 -0.032786611 -0.015232621 0.088282958 -0.081496753 0.048201129 0.991585135
1341846319.554083 -0.530263603 -0.033836640 -0.007355543 0.082891688 -0.088067859 0.046961483 0.991548181
1341846319.586296 -0.544902384 -0.034341972 -0.012315631 0.083245941 -0.086795606 0.043111134 0.991805434
1341846319.622031 -0.567434728 -0.032390013 -0.018698253 0.081759252 -0.089796521 0.039575297 0.991809368
1341846319.653962 -0.570616841 -0.039961338 -0.001838044 0.080823161 -0.095623754 0.038745712 0.991374075
1341846319.686352 -0.577441931 -0.040956762 -0.012885630 0.082427844 -0.099253736 0.040301383 0.990822971
1341846319.721992 -0.584525704 -0.035898745 -0.018405328 0.083306827 -0.103532530 0.041037064 0.990281224
1341846319.754063 -0.592718661 -0.023284497 -0.026555531 0.080739252 -0.105351724 0.040477742 0.990325153
1341846319.786397 -0.593877196 -0.026142834 -0.016906090 0.076174721 -0.105933025 0.044546269 0.990450025
1341846319.822008 -0.603274465 -0.024603020 -0.022862419 0.072792359 -0.106380269 0.048524402 0.990469575
1341846319.853917 -0.603465974 -0.021743400 -0.011982144 0.067827180 -0.108122230 0.053227358 0.990391850
1341846319.889942 -0.592685461 -0.028801046 0.002729706 0.064047024 -0.110368721 0.058822751 0.990079105
1341846319.922039 -0.603846669 -0.033558492 0.000856543 0.063636258 -0.114124492 0.060465787 0.989580691
1341846319.953946 -0.602201879 -0.035541117 0.012975559 0.064283945 -0.120998830 0.055613115 0.989006639
1341846319.990054 -0.613678217 -0.043265097 -0.013158428 0.066235758 -0.122619390 0.048752721 0.989040196
1341846320.028122 -0.604913950 -0.040581383 -0.010818440 0.068616115 -0.127305016 0.048402160 0.988302886
1341846320.090047 -0.582598925 -0.030033495 -0.012301696 0.074610941 -0.136109039 0.048177436 0.986704886
1341846320.122011 -0.589880466 -0.030644229 -0.001021633 0.075377502 -0.133026391 0.049311947 0.987010956
1341846320.157952 -0.583546340 -0.031793773 0.009368410 0.075791851 -0.130332932 0.049043346 0.987351835
1341846320.190003 -0.568754315 -0.040227577 0.013961706 0.078396514 -0.127390951 0.047716428 0.987597466
1341846320.221941 -0.567356110 -0.041807108 0.018488968 0.082406923 -0.123430930 0.048935700 0.987714171
1341846320.258015 -0.553143382 -0.047530942 0.002336395 0.086077064 -0.122725174 0.051425129 0.987362564
1341846320.289887 -0.546756268 -0.050869908 -0.007291355 0.091330633 -0.123266138 0.051873229 0.986799598
1341846320.321954 -0.533155560 -0.052045386 -0.003376416 0.100522391 -0.124893390 0.051930554 0.985697806
1341846320.357890 -0.516978860 -0.044142362 0.001204028 0.106376857 -0.124958865 0.052911866 0.985022664
1341846320.390064 -0.488101304 -0.035767462 0.043295275 0.108708948 -0.123576865 0.054661073 0.984846830
1341846320.426544 -0.476948529 -0.040662229 0.062121347 0.111936510 -0.115737185 0.049702540 0.985700190
1341846320.458122 -0.474090219 -0.046886761 0.040623236 0.112287365 -0.106937267 0.046684884 0.986801147
1341846320.490186 -0.460618854 -0.045970742 0.047785338 0.115996711 -0.100128978 0.047218278 0.987061024
1341846320.525911 -0.448991776 -0.047333207 0.040777620 0.118877642 -0.092231490 0.045852404 0.987552047
1341846320.558091 -0.429232061 -0.047585372 0.019719671 0.120096490 -0.088588908 0.041828752 0.987916589
1341846320.594093 -0.413257807 -0.044640586 0.036726058 0.122064486 -0.083815083 0.037728064 0.988256991
1341846320.631955 -0.398527890 -0.046444040 0.029904181 0.124444552 -0.075560741 0.037238114 0.988644302
1341846320.631955 -0.396527708 -0.047591250 0.030822184 0.124297664 -0.075826064 0.037570130 0.988629878
1341846320.664916 -0.391761661 -0.045604095 0.022178741 0.124328993 -0.072992064 0.035471391 0.988916695
1341846320.699927 -0.363986909 -0.044556517 0.038406853 0.124641627 -0.071321264 0.034924299 0.989018738
1341846320.731822 -0.354197383 -0.042507157 0.018699568 0.126669720 -0.063733995 0.033147823 0.989340246
1341846320.763877 -0.364481270 -0.019048950 0.013840468 0.125548869 -0.061221845 0.033422392 0.989632428
1341846320.799999 -0.344603062 -0.044957891 0.021114437 0.116362534 -0.063695408 0.029353619 0.990727603
1341846320.831871 -0.345495194 -0.024932016 -0.020243984 0.121293768 -0.048791409 0.020687725 0.991200924
1341846320.863887 -0.329466283 -0.026356287 0.016826378 0.118172705 -0.042926475 0.025307171 0.991741955
1341846320.900014 -0.330890268 -0.042504821 0.017775791 0.110350423 -0.047100749 0.030184779 0.992317140
1341846320.931889 -0.287241578 -0.054201964 0.026295377 0.110570885 -0.049395096 0.029430160 0.992203712
1341846320.967866 -0.292633802 -0.017820112 0.029157247 0.112255476 -0.043090407 0.026056793 0.992402673
1341846321.000017 -0.294701844 -0.026569681 0.035196040 0.105522044 -0.042357419 0.023985617 0.993224859
1341846321.031860 -0.271378189 -0.039881025 0.039791323 0.102580078 -0.042603165 0.022443408 0.993558645
1341846321.068047 -0.260276139 -0.032299034 0.038123902 0.103407986 -0.039219476 0.020094864 0.993662357
1341846321.099840 -0.260780156 -0.036366489 0.023996077 0.100547530 -0.037400771 0.020902600 0.994009376
1341846321.131821 -0.242738619 -0.048084274 0.021842297 0.100116976 -0.036071379 0.021538228 0.994088292
1341846321.167887 -0.225405768 -0.039551198 0.028738491 0.103549264 -0.032603528 0.022691688 0.993830800
1341846321.200042 -0.224235088 -0.035190091 0.022707654 0.103949614 -0.029505087 0.021783203 0.993906200
1341846321.231950 -0.211248353 -0.043202471 0.033613868 0.103044018 -0.028972046 0.021863580 0.994014382
1341846321.267939 -0.195008308 -0.041613020 0.015256429 0.103399053 -0.027183944 0.017301500 0.994117916
1341846321.299948 -0.183767214 -0.039962936 0.032239385 0.102382667 -0.022680907 0.011558992 0.994419277
1341846321.331858 -0.181361407 -0.046360057 0.035497531 0.102224030 -0.019530252 0.007870681 0.994538546
1341846321.367913 -0.158540472 -0.053793807 0.034478635 0.103303537 -0.017587667 0.003425581 0.994488478
1341846321.399897 -0.155581340 -0.048641540 0.024652068 0.105333529 -0.011866375 0.002160984 0.994363844
1341846321.435994 -0.150777906 -0.051259533 0.038211644 0.106935255 -0.008557790 0.001824142 0.994227529
1341846321.467946 -0.138610765 -0.057805378 0.015414176 0.107927345 -0.006306578 0.002873077 0.994134665
1341846321.499882 -0.126366422 -0.049527161 0.040226515 0.110266812 -0.003550518 0.003191946 0.993890643
1341846321.536109 -0.094660193 -0.038754914 0.030458299 0.110411003 0.000391350 0.000484807 0.993885815
1341846321.568960 -0.120243870 -0.033207532 0.045624945 0.107507460 0.009822560 -0.003514031 0.994149566
1341846321.603938 -0.102636740 -0.036227118 0.041997273 0.103941545 0.011316490 -0.002917777 0.994514763
1341846321.637163 -0.057768259 -0.027034985 0.023518108 0.101729006 0.013735251 -0.001664761 0.994715989
1341846321.668306 -0.076601319 -0.024778185 0.057151604 0.097475357 0.024875874 0.000601556 0.994926810
1341846321.704411 -0.092869915 -0.027750339 0.070810825 0.094235770 0.027555531 0.007882266 0.995137334
1341846321.736861 -0.082323417 -0.026384786 0.051580694 0.093070462 0.024460929 0.016066201 0.995229363
1341846321.771881 -0.066550344 -0.012908109 0.044298176 0.090861030 0.023491191 0.020990189 0.995365202
1341846321.804114 -0.055424310 -0.019590858 0.049645022 0.086061910 0.025366291 0.024491820 0.995665669
1341846321.836152 -0.056515798 -0.011909601 0.048470058 0.083394460 0.027952103 0.024590109 0.995820999
1341846321.871882 -0.048396297 0.002340736 0.067664526 0.079229631 0.029016847 0.023170291 0.996164620
1341846321.904074 -0.042907845 -0.006973881 0.048616849 0.071313605 0.030315673 0.019260095 0.996807098
1341846321.939847 -0.033072695 -0.005449164 0.078321710 0.068241507 0.033344913 0.018013960 0.996948719
1341846322.004094 -0.042290058 -0.006813676 0.082450755 0.061374571 0.032018218 0.017087294 0.997454822
1341846322.066178 -0.020413166 -0.018117625 0.081053689 0.055738918 0.035853919 0.014623844 0.997694314
1341846322.107979 -0.022618255 -0.034392852 0.081690483 0.052587789 0.037871286 0.014221727 0.997796655
1341846322.166164 -0.021796012 -0.054835059 0.086119510 0.055846676 0.037907161 0.013541027 0.997627616
1341846322.202932 -0.020109370 -0.061020035 0.079722926 0.057029601 0.035252944 0.014047852 0.997650981
1341846322.234093 -0.019689042 -0.063891880 0.079378188 0.055975143 0.033915173 0.011640164 0.997788072
1341846322.265941 -0.021179808 -0.071434379 0.086920358 0.053788390 0.031200806 0.012127877 0.997991145
1341846322.301996 -0.011895020 -0.092328154 0.073149361 0.050830193 0.028563526 0.013179036 0.998211801
1341846322.333949 -0.030733582 -0.110733092 0.060830869 0.049060684 0.027763972 0.011568499 0.998342812
1341846322.369871 -0.014911346 -0.117710650 0.073131844 0.050857671 0.021347977 0.009197496 0.998435378
1341846322.402292 -0.006296428 -0.140340403 0.058115959 0.051384859 0.022117732 0.002133000 0.998431802
1341846322.433955 -0.023812899 -0.169920444 0.057413273 0.055178825 0.025120426 -0.002948116 0.998156130
1341846322.470030 -0.026998952 -0.172544658 0.067796849 0.064702384 0.020960851 0.000860422 0.997684121
1341846322.502433 -0.010084427 -0.198747054 0.055657972 0.069348559 0.016536713 0.003853910 0.997447968
1341846322.534002 -0.006787989 -0.202784464 0.059298988 0.079006054 0.016775427 0.004837737 0.996721268
1341846322.570196 -0.002530483 -0.220688507 0.054874554 0.087800123 0.015551803 0.008051611 0.995984197
1341846322.601920 -0.013286687 -0.212210596 0.069625288 0.095972441 0.013727283 0.011313740 0.995225012
1341846322.638119 0.000317158 -0.236020863 0.069045171 0.100290336 0.009776428 0.010619398 0.994853497
1341846322.669947 0.009135060 -0.239785656 0.072576761 0.105467469 0.012690913 0.009369520 0.994297624
1341846322.702026 -0.004008694 -0.258589506 0.067853212 0.107688941 0.015338558 0.011434205 0.994000614
1341846322.738006 -0.002820628 -0.247076273 0.078160211 0.110420793 0.012487674 0.012969741 0.993721902
1341846322.770087 0.009849385 -0.276208878 0.072533004 0.109419346 0.012271840 0.012673477 0.993839145
1341846322.806047 0.001254898 -0.291588336 0.071592629 0.112811647 0.012508890 0.015254968 0.993420541
1341846322.838063 -0.001896179 -0.295386732 0.070409350 0.114906184 0.008281612 0.017055521 0.993195415
1341846322.870081 0.007241359 -0.311983466 0.078650832 0.116516575 0.002352465 0.017909456 0.993024468
1341846322.906018 0.016126160 -0.316552430 0.082518838 0.122035787 0.000441566 0.017959436 0.992363155
1341846322.938349 0.015276214 -0.297049105 0.080468699 0.124112815 0.001671109 0.018144181 0.992100835
1341846322.970069 0.008701456 -0.305126160 0.078635730 0.118745029 0.001853456 0.020403223 0.992713451
1341846323.011820 0.019472999 -0.321369290 0.087410100 0.115616366 0.001282680 0.021374479 0.993063152
1341846323.073951 0.024724727 -0.323064417 0.088887826 0.112811767 0.000496089 0.026636194 0.993259251
1341846323.105962 0.026407566 -0.344497442 0.088785946 0.108809814 0.000650664 0.026446426 0.993710518
1341846323.138158 0.019298481 -0.342319399 0.091898955 0.110100158 0.001286014 0.022548312 0.993663907
1341846323.174092 0.025140965 -0.347101361 0.089137606 0.107639492 0.000145515 0.022029456 0.993945897
1341846323.206059 0.027053511 -0.349556059 0.091805466 0.104855649 -0.000181314 0.019191571 0.994302213
1341846323.238053 0.027662570 -0.350314468 0.092427097 0.102672949 0.003162971 0.016961552 0.994565547
1341846323.273997 0.011990326 -0.355360359 0.088059761 0.097959161 0.003940606 0.017903948 0.995021582
1341846323.305946 0.020455696 -0.363414675 0.095177934 0.092784420 -0.000511238 0.018604754 0.995512307
1341846323.342027 0.048224557 -0.383007824 0.099346727 0.090061821 -0.000184244 0.017278312 0.995786309
1341846323.374048 0.022996711 -0.389370859 0.100395791 0.090466067 0.004973537 0.018592697 0.995713592
1341846323.405987 0.006064056 -0.399336278 0.093855418 0.090484366 0.001586205 0.023605172 0.995616913
1341846323.441956 0.024327479 -0.409730941 0.102380700 0.091575578 -0.003830749 0.025905265 0.995453775
1341846323.473878 0.030958053 -0.431480289 0.096208826 0.094312347 -0.003259763 0.024220787 0.995242655
1341846323.506129 0.022591785 -0.416305155 0.093154266 0.098552197 -0.002260694 0.021947509 0.994887292
1341846323.541972 0.030033834 -0.416847408 0.095116451 0.097044803 -0.002730159 0.019646708 0.995082319
1341846323.573913 0.054443918 -0.435673714 0.084530212 0.095665157 0.000328749 0.013959955 0.995315611
1341846323.609927 0.036061056 -0.430816621 0.098825201 0.096778773 0.007889384 0.010366284 0.995220721
1341846323.642014 0.026198681 -0.441365600 0.103733025 0.095642269 0.010019751 0.011059242 0.995303929
1341846323.674081 0.022885432 -0.453964114 0.101342142 0.095280528 0.008510186 0.013599274 0.995321214
1341846323.710069 0.027341774 -0.473202646 0.099143669 0.096335433 0.006961124 0.017473929 0.995171189
1341846323.742111 0.022062717 -0.490884185 0.083196707 0.100648381 0.004818297 0.018277772 0.994742513
1341846323.774928 0.025470909 -0.481366485 0.093902677 0.104834765 0.002916665 0.015307683 0.994367599
1341846323.810012 0.025855577 -0.485607922 0.084314011 0.106366500 0.001105197 0.012363419 0.994249582
1341846323.842207 0.027200907 -0.494113564 0.076740503 0.107530475 0.001325099 0.007076437 0.994175732
1341846323.878019 0.019106919 -0.507307410 0.072870158 0.107926689 0.000989453 0.003129598 0.994153500
1341846323.909826 0.025092687 -0.523295164 0.076934583 0.110573128 -0.000757648 -0.000993354 0.993867218
1341846323.942459 0.023396475 -0.524230361 0.074213460 0.114159137 -0.000583101 -0.001494213 0.993461251
1341846323.978055 0.012887463 -0.526624739 0.072014943 0.116916470 -0.002888803 -0.000467365 0.993137479
1341846324.015934 0.026590042 -0.530866444 0.071813442 0.120708719 -0.005867168 -0.000323807 0.992670655
1341846324.015934 0.025817612 -0.530312598 0.072744355 0.120773971 -0.005768288 -0.000286851 0.992663324
1341846324.047722 0.025741469 -0.517760396 0.071283542 0.125057459 -0.004180801 -0.002058050 0.992138565
1341846324.083904 0.026234595 -0.501318097 0.076167159 0.125861347 -0.002838029 -0.001501214 0.992042661
1341846324.115968 0.030874716 -0.502041042 0.073482379 0.123130515 -0.001387443 -0.003418353 0.992383718
1341846324.151967 0.034097835 -0.496702731 0.068686366 0.122837357 0.001585774 -0.008144636 0.992392182
1341846324.183941 0.026284803 -0.482874542 0.077306621 0.120334290 0.006288575 -0.012454596 0.992635429
1341846324.219984 0.018894017 -0.479468465 0.079583518 0.115701817 0.008623114 -0.010907293 0.993186712
1341846324.251968 0.018604835 -0.479313999 0.078488946 0.115085520 0.008722017 -0.011196886 0.993254244
1341846324.284052 0.013385360 -0.463289201 0.080480866 0.116157793 0.008212933 -0.011874593 0.993125796
1341846324.319880 0.006998374 -0.450056612 0.085798696 0.114881299 0.004690434 -0.012074700 0.993294835
1341846324.351917 0.014813771 -0.429691851 0.086080261 0.112608269 0.000791678 -0.013325844 0.993549824
1341846324.388001 0.028273501 -0.420049071 0.075087577 0.108249493 0.000176293 -0.016904196 0.993979990
1341846324.419908 0.018795414 -0.407972395 0.088597685 0.102587610 0.002962309 -0.019632371 0.994525850
1341846324.452027 0.016141888 -0.409328967 0.092463404 0.097519733 0.003483606 -0.019811578 0.995030284
1341846324.487928 0.010643748 -0.402543873 0.094228245 0.095976874 0.003081317 -0.017300822 0.995228469
1341846324.519985 -0.000559306 -0.391032279 0.096157901 0.094940931 0.001519059 -0.013300377 0.995392919
1341846324.556001 0.001704138 -0.373682410 0.090760417 0.093318164 -0.003951270 -0.008916658 0.995588601
1341846324.587888 0.002202860 -0.357840747 0.100981273 0.090450257 -0.007246986 -0.007020626 0.995849907
1341846324.620086 0.004079361 -0.353238821 0.099188417 0.087872043 -0.009748188 -0.009750802 0.996036410
1341846324.655955 0.006497279 -0.338609546 0.101820327 0.087052301 -0.011036321 -0.010574614 0.996086538
1341846324.688082 0.005269121 -0.336746842 0.100082427 0.085974202 -0.010700690 -0.009788947 0.996191859
1341846324.755922 -0.010636144 -0.298938632 0.103782095 0.087938868 -0.013604489 -0.006686717 0.996010542
1341846324.814016 0.010010920 -0.258690238 0.101558536 0.083193220 -0.020567441 -0.009284576 0.996277988
1341846324.849979 -0.003326075 -0.249664128 0.113648102 0.077474199 -0.016614154 -0.012456322 0.996778131
1341846324.881924 -0.010191514 -0.250999302 0.111480951 0.073818438 -0.017501941 -0.011514563 0.997051656
1341846324.913902 -0.005990064 -0.243001074 0.116497107 0.072689831 -0.019334218 -0.008792126 0.997128487
1341846324.949999 -0.006809764 -0.246139765 0.119658217 0.072816804 -0.019620478 -0.005508581 0.997137070
1341846324.981922 -0.016294146 -0.239143640 0.120690532 0.077325493 -0.021569500 -0.001808565 0.996770978
1341846325.018013 -0.018535050 -0.225889817 0.116518147 0.081931494 -0.026756467 0.000548134 0.996278584
1341846325.050079 -0.023546087 -0.206970379 0.113831617 0.084531888 -0.031626787 -0.001212651 0.995917976
1341846325.081901 -0.025525114 -0.178756118 0.114613920 0.085183531 -0.036462579 -0.004407095 0.995688140
1341846325.118531 -0.010283020 -0.167956188 0.105622150 0.080220230 -0.039365713 -0.005185831 0.995986044
1341846325.149933 -0.011173989 -0.169652522 0.113210857 0.073892005 -0.036920004 -0.006833909 0.996559203
1341846325.181925 -0.013600809 -0.164458424 0.115653723 0.070558444 -0.035793100 -0.004721024 0.996854126
1341846325.218055 -0.016908592 -0.158089355 0.121004358 0.067682400 -0.035498679 -0.000400352 0.997075081
1341846325.249811 -0.019363804 -0.147776514 0.119945258 0.065823741 -0.035483208 0.003281584 0.997194827
1341846325.285925 -0.014931548 -0.135224462 0.116647094 0.063331589 -0.036391739 0.006177356 0.997309744
1341846325.317988 -0.000904492 -0.142802864 0.121900871 0.060153335 -0.034900296 0.009657859 0.997532189
1341846325.349844 -0.007579334 -0.146263942 0.130952299 0.062862635 -0.029653976 0.011243429 0.997518241
1341846325.387302 -0.005006249 -0.130400717 0.131876230 0.068292633 -0.027145103 0.014102205 0.997196317
1341846325.417931 0.011898432 -0.124231361 0.127170712 0.070973359 -0.022924887 0.016846307 0.997072458
1341846325.450747 0.014874991 -0.130516499 0.128446549 0.075654268 -0.014924906 0.018690454 0.996847272
1341846325.485954 -0.004429179 -0.108601943 0.150379002 0.085530974 -0.006414909 0.020280691 0.996108472
1341846325.517875 -0.005988689 -0.101612754 0.144640014 0.088879466 -0.003728684 0.022899665 0.995772183
1341846325.553859 -0.004257211 -0.096033141 0.144005269 0.091957122 -0.000060806 0.022856742 0.995500624
1341846325.585855 -0.007527052 -0.074530795 0.149500728 0.095158674 0.002923988 0.021038972 0.995235503
1341846325.617990 -0.008099153 -0.055290319 0.140022025 0.092507012 0.004654543 0.020596687 0.995488167
1341846325.653982 -0.013822316 -0.071319617 0.152912945 0.088596106 0.007083526 0.017039359 0.995896757
1341846325.685819 -0.014818145 -0.071600839 0.150654241 0.093764059 0.008476113 0.018214323 0.995391786
1341846325.717857 -0.019524753 -0.054103870 0.159453690 0.099158831 0.009599062 0.025207199 0.994706035
1341846325.754083 -0.020519231 -0.054268714 0.156371102 0.101892598 0.009556883 0.029941879 0.994298875
1341846325.786087 -0.016520899 -0.051310670 0.153926745 0.108134866 0.009546499 0.031539042 0.993589997
1341846325.821856 -0.019875471 -0.029166004 0.156570673 0.113013253 0.011867128 0.032466028 0.992992043
1341846325.853827 -0.029557565 -0.022181626 0.163387477 0.113910213 0.012988457 0.035878442 0.992758036
1341846325.885958 -0.040405437 -0.001850381 0.157673493 0.115088031 0.010617804 0.041511975 0.992430806
1341846325.921984 -0.033034179 -0.002470233 0.170568302 0.113756597 0.005913561 0.046349786 0.992409289
1341846325.953899 -0.018785791 -0.000621855 0.160607055 0.116376065 0.005392157 0.047720045 0.992043555
1341846325.985823 -0.025873266 0.019564463 0.170637786 0.120105773 0.008788334 0.052260309 0.991345644
1341846326.021991 -0.031361867 0.020737493 0.167480335 0.122836731 0.009022611 0.058046468 0.990686834
1341846326.054055 -0.026703233 0.032772537 0.166422948 0.128157079 0.007872013 0.061906025 0.989788592
1341846326.089984 -0.022991227 0.055240855 0.168087587 0.131552473 0.009833943 0.060828760 0.989392340
1341846326.121822 -0.023725983 0.066442363 0.173808277 0.131123647 0.014022584 0.058605660 0.989532888
1341846326.154079 -0.029143045 0.065919772 0.177614421 0.131387547 0.016846903 0.057139996 0.989539564
1341846326.190178 -0.033432435 0.080883481 0.181698725 0.134367600 0.016533418 0.059689760 0.988994002
1341846326.222162 -0.036621708 0.097359277 0.178681552 0.133821681 0.014666894 0.065737590 0.988713980
1341846326.259181 -0.038852647 0.107220314 0.188422218 0.130552128 0.012012621 0.069023527 0.988962948
1341846326.322766 -0.029298062 0.133409902 0.197150007 0.123092599 0.010702306 0.068438582 0.989974678
1341846326.359773 -0.031667124 0.138423815 0.196292043 0.118890829 0.012734903 0.066371143 0.990604699
1341846326.392109 -0.023924068 0.128112644 0.204415545 0.116549082 0.013874817 0.067428656 0.990796268
1341846326.423985 -0.033314183 0.138008252 0.210177243 0.121440351 0.015325307 0.072571538 0.989823699
1341846326.459869 -0.038479351 0.154489070 0.209407493 0.124176137 0.013150137 0.075611509 0.989287853
1341846326.526163 -0.025125289 0.188583568 0.205366969 0.124405883 0.014149133 0.075537696 0.989250720
1341846326.560211 -0.029154226 0.198132351 0.213569775 0.119475991 0.018347049 0.075219736 0.989813626
1341846326.591828 -0.031632375 0.203625143 0.223770782 0.116469547 0.020508626 0.076719292 0.990014315
1341846326.627027 -0.025162105 0.211820662 0.221951678 0.115564294 0.021523975 0.076501943 0.990115702
1341846326.658442 -0.023663193 0.228107765 0.214576021 0.113408893 0.025382159 0.075307973 0.990365088
1341846326.694856 -0.033164088 0.248196900 0.235208392 0.110840611 0.029286942 0.076001160 0.990495086
1341846326.726206 -0.035329685 0.255444437 0.221998587 0.104310505 0.031200936 0.072399691 0.991415203
1341846326.762753 -0.030422747 0.270313084 0.221172303 0.098026887 0.033316076 0.069778398 0.992175281
1341846326.826821 -0.040598847 0.300467968 0.229371339 0.083423086 0.040245704 0.065494575 0.993544877
1341846326.858887 -0.037685651 0.305457473 0.241389334 0.074371502 0.041092332 0.065270238 0.994243503
1341846326.895360 -0.040949892 0.303030014 0.242195979 0.071676701 0.040640544 0.067334086 0.994322419
1341846326.926897 -0.044486362 0.310773998 0.243452072 0.073609881 0.037207030 0.068003915 0.994269907
1341846326.958888 -0.037077166 0.325868219 0.239193544 0.076553516 0.034490000 0.070969298 0.993938327
1341846326.994594 -0.032641400 0.341837466 0.235994786 0.077762008 0.034403153 0.073214568 0.993684649
1341846327.026301 -0.030977448 0.357579976 0.235832423 0.076146871 0.035699222 0.071284600 0.993904352
1341846327.063945 -0.030827586 0.359829038 0.245340154 0.072390072 0.038494363 0.068147026 0.994300663
1341846327.094662 -0.033137951 0.366942465 0.244246617 0.071674161 0.040728137 0.067383409 0.994315624
1341846327.128901 -0.033462804 0.376802295 0.246401519 0.070694335 0.040589131 0.066827863 0.994428992
1341846327.161940 -0.034637235 0.393410891 0.246668115 0.070140474 0.039716639 0.065807983 0.994571388
1341846327.193867 -0.024624249 0.398194253 0.248611897 0.069074750 0.040332507 0.064801969 0.994687259
1341846327.229885 -0.022740711 0.411908567 0.252086043 0.070144340 0.043637421 0.062618800 0.994612753
1341846327.262014 -0.021673419 0.425405502 0.247753814 0.069141425 0.048512172 0.058029085 0.994735479
1341846327.294023 -0.020942321 0.430833459 0.255899608 0.071682625 0.062206205 0.051949002 0.994129419
1341846327.330015 -0.027925443 0.453859001 0.235139310 0.074600302 0.072379462 0.046825092 0.993480504
1341846327.361939 -0.019338010 0.467647552 0.260886103 0.072988339 0.076772138 0.045432780 0.993335128
1341846327.393887 -0.020352094 0.478465527 0.269046903 0.071211524 0.079333931 0.038175579 0.993568182
1341846327.429966 -0.027225826 0.517396688 0.275157928 0.073050991 0.079416454 0.040217135 0.993347526
1341846327.461965 -0.038298924 0.528036892 0.286535978 0.064480133 0.076304339 0.038506232 0.994252086
1341846327.497931 -0.032524720 0.529339314 0.279547572 0.058640208 0.073464952 0.037183065 0.994877756
1341846327.530068 -0.031127241 0.543922067 0.283319265 0.057360806 0.073898658 0.039199892 0.994842768
1341846327.561895 -0.031031858 0.562184930 0.293168873 0.056971885 0.070804961 0.045297306 0.994831145
1341846327.598010 -0.043206789 0.556841791 0.297378004 0.056932203 0.069095254 0.048554655 0.994799972
1341846327.629945 -0.052150004 0.568669438 0.298904419 0.056589995 0.065086715 0.047303032 0.995150149
1341846327.662003 -0.047758318 0.574812651 0.301860571 0.056783084 0.061039835 0.043878794 0.995552361
1341846327.697919 -0.048230231 0.590761840 0.302259058 0.059163272 0.060484316 0.043879542 0.995447636
1341846327.730075 -0.043484859 0.628708661 0.297545254 0.058226362 0.058274262 0.046716549 0.995505571
1341846327.766017 -0.045123972 0.632801831 0.299358517 0.052592829 0.057939418 0.047617272 0.995796025
1341846327.797917 -0.046808939 0.652949393 0.302844793 0.048682645 0.057475928 0.049652193 0.995922327
1341846327.830054 -0.044914652 0.663761914 0.305517495 0.041953627 0.056587338 0.050180316 0.996252894
1341846327.865944 -0.041652486 0.666444123 0.304349482 0.036706202 0.057415660 0.050120723 0.996415615
1341846327.898010 -0.043485448 0.677283764 0.311555833 0.034435742 0.058528576 0.050833635 0.996395767
1341846327.929991 -0.043526221 0.686423719 0.311231256 0.029967746 0.057106275 0.048702780 0.996729076
1341846327.966065 -0.045159813 0.708530545 0.311907709 0.027519412 0.057260435 0.047191154 0.996863544
1341846327.998073 -0.045276105 0.721061409 0.311546445 0.021316163 0.058276620 0.044754334 0.997069001
1341846328.034045 -0.046630416 0.721049905 0.311000496 0.014326530 0.059550039 0.042512730 0.997216761
1341846328.065993 -0.048834339 0.719000518 0.310481697 0.008257617 0.060669787 0.042949185 0.997199297
1341846328.098045 -0.049183812 0.705634773 0.311005563 0.005721507 0.061209105 0.044184964 0.997130096
1341846328.133967 -0.052208934 0.700821638 0.308100373 0.008404137 0.060255628 0.047665607 0.997008860
1341846328.166023 -0.058457296 0.697670579 0.306185722 0.007905141 0.057633992 0.048864931 0.997109890
1341846328.198018 -0.057370350 0.681971550 0.302560687 0.006597783 0.054890987 0.045743342 0.997422218
1341846328.234044 -0.050809294 0.676070929 0.296417266 0.009965193 0.052565575 0.045119431 0.997547925
1341846328.265899 -0.053934813 0.660507500 0.293412387 0.011336125 0.051179424 0.044985987 0.997611344
1341846328.302051 -0.053224012 0.633673012 0.293208867 0.011867625 0.051282059 0.044008274 0.997643590
1341846328.333917 -0.051278122 0.615857840 0.293938875 0.015311794 0.050808746 0.047025975 0.997483134
1341846328.366008 -0.052570336 0.604214013 0.293624580 0.021320533 0.050543047 0.045118108 0.997474492
1341846328.402010 -0.050382789 0.576737404 0.291373968 0.033786621 0.052483600 0.048475716 0.996872187
1341846328.433920 -0.050949715 0.543708742 0.273139417 0.034168627 0.050952032 0.045319736 0.997087121
1341846328.470003 -0.037346348 0.519270778 0.266349226 0.033060081 0.048397601 0.039435133 0.997501731
1341846328.502194 -0.037089758 0.491763741 0.266864300 0.034011930 0.050928921 0.031458065 0.997627139
1341846328.534033 -0.032856952 0.467795581 0.262917787 0.034234278 0.053457558 0.029038463 0.997560620
1341846328.570125 -0.035461854 0.454580456 0.265931517 0.037721969 0.054566208 0.029722247 0.997354627
1341846328.602804 -0.047660440 0.422823280 0.267446995 0.041952662 0.050173406 0.034110859 0.997275829
1341846328.672663 -0.041321654 0.386252135 0.262013525 0.052561268 0.036670044 0.030942159 0.997464418
1341846328.702975 -0.029267352 0.372188866 0.261270106 0.055437699 0.032086592 0.030240756 0.997488141
1341846328.770129 -0.016628083 0.332816094 0.247897923 0.063245334 0.027742857 0.027117122 0.997243762
1341846328.802331 -0.019187922 0.311382622 0.245368809 0.063236281 0.025818489 0.025425931 0.997340560
1341846328.838051 -0.015061586 0.294420809 0.241217986 0.066793129 0.023462674 0.022255123 0.997242630
1341846328.869939 -0.012756522 0.300163358 0.236693859 0.068083800 0.021826712 0.022157615 0.997194707
1341846328.904486 -0.014764125 0.277494073 0.233597472 0.062530369 0.019279866 0.021501755 0.997625172
1341846328.939814 -0.003584969 0.242092669 0.235057563 0.064116396 0.015328710 0.021595078 0.997591078
1341846328.970217 -0.003617833 0.241579697 0.225702226 0.068525679 0.013523671 0.024889041 0.997247159
1341846329.006232 0.002788091 0.227185711 0.229528829 0.069162466 0.010128665 0.029991962 0.997103035
1341846329.038243 0.004266381 0.207949042 0.225560784 0.072970122 0.009490061 0.029666251 0.996847630
1341846329.106125 0.004377831 0.203462541 0.216204166 0.076421596 0.009614177 0.028040750 0.996634841
1341846329.138340 0.008029509 0.186311498 0.216696784 0.077619582 0.008510884 0.026415795 0.996596754
1341846329.169991 0.009588852 0.187053367 0.211097747 0.080137126 0.007165833 0.025895519 0.996421695
1341846329.208656 0.010167244 0.174398050 0.212778792 0.080324590 0.006231470 0.024835601 0.996439815
1341846329.238169 0.015371237 0.180152282 0.208958611 0.080472514 0.004636708 0.024638170 0.996441483
1341846329.273827 0.013405127 0.161626086 0.205000445 0.077915460 0.004156148 0.024943788 0.996639252
1341846329.306052 0.013472103 0.162828118 0.203636393 0.079019487 0.001490397 0.024298511 0.996575832
1341846329.338104 0.020811234 0.162183657 0.199319407 0.075502887 -0.000864304 0.022728650 0.996886194
1341846329.373907 0.017835397 0.134180173 0.196831867 0.070613183 -0.001134297 0.020364126 0.997295260
1341846329.405985 0.020181807 0.123686686 0.192456976 0.071759939 -0.002878029 0.018067814 0.997254133
1341846329.442057 0.019734023 0.123296477 0.191577792 0.071567029 -0.003236986 0.014791779 0.997320890
1341846329.473950 0.016452810 0.105281092 0.188916147 0.069661885 -0.003911458 0.008266980 0.997528791
1341846329.506147 0.017712094 0.100183308 0.182799384 0.070203409 -0.006033843 0.005506182 0.997499287
1341846329.542121 0.012284378 0.088136479 0.179202139 0.068139866 -0.008522118 0.004744107 0.997628152
1341846329.574086 0.020475911 0.068778180 0.183153719 0.069993138 -0.011743279 0.004162850 0.997469664
1341846329.606387 0.019944070 0.066860817 0.172282681 0.072719730 -0.011733496 0.002423676 0.997280478
1341846329.641955 0.013503660 0.063308224 0.172958881 0.072743692 -0.012435250 0.002351067 0.997270405
1341846329.681570 0.013735028 0.046742827 0.163188145 0.071292885 -0.015668262 0.002777374 0.997328460
1341846329.681570 0.013082937 0.047221538 0.162645862 0.071331955 -0.015573106 0.002639267 0.997327566
1341846329.748113 0.018202757 0.042760376 0.161756068 0.073820122 -0.015805861 -0.000131879 0.997146308
1341846329.810175 0.018047977 0.014490742 0.160714984 0.070948653 -0.012758724 0.005309126 0.997384250
1341846329.842255 0.017668217 0.003841978 0.158999518 0.072377369 -0.012781267 0.008497255 0.997259200
1341846329.874044 0.014516296 -0.002934964 0.155938968 0.074293435 -0.012514818 0.011859765 0.997087359
1341846329.910073 0.014449382 0.003094724 0.155034006 0.074965373 -0.012995484 0.014083585 0.997002006
1341846329.942009 0.012737250 0.001806207 0.155687824 0.070317127 -0.013462959 0.019363036 0.997245908
1341846329.978087 0.014269599 -0.024133449 0.155076072 0.067477129 -0.014049453 0.020475717 0.997411788
1341846330.016305 0.018433332 -0.018137222 0.144986466 0.069707051 -0.013135885 0.018416494 0.997310996
1341846330.016305 0.018923018 -0.018236332 0.146264046 0.069711126 -0.013173110 0.018424032 0.997310102
1341846330.048192 0.014104447 -0.008580350 0.148040831 0.066327721 -0.011595225 0.020457417 0.997520804
1341846330.080418 0.012563416 -0.032550476 0.147343829 0.061036065 -0.011492485 0.021692373 0.997833610
1341846330.115886 0.015831068 -0.050453465 0.145906106 0.063423924 -0.010272973 0.022945302 0.997669995
1341846330.147839 0.011067724 -0.034177389 0.141109258 0.066677101 -0.009844149 0.024335098 0.997429252
1341846330.181257 0.016339336 -0.020459320 0.136473760 0.062109701 -0.011308395 0.028533131 0.997597337
1341846330.215852 0.013413597 -0.037966285 0.139605805 0.055007547 -0.009662502 0.026948240 0.998075485
1341846330.247833 0.007666378 -0.044122718 0.139054433 0.053052969 -0.008786050 0.025852688 0.998218358
1341846330.283913 0.006676530 -0.027405635 0.135476753 0.050291505 -0.009574795 0.026733175 0.998330832
1341846330.316011 0.002042379 -0.044368271 0.139968127 0.042826418 -0.010032303 0.025787996 0.998699307
1341846330.347868 0.002071399 -0.055580560 0.133156553 0.040002488 -0.011868337 0.024975386 0.998816907
1341846330.383835 0.007242974 -0.057372488 0.136344627 0.038260985 -0.012769779 0.025360135 0.998864293
1341846330.415934 0.006326223 -0.071617797 0.135549322 0.037376229 -0.011717267 0.023483483 0.998956621
1341846330.452561 0.000356617 -0.073692590 0.135517165 0.040262677 -0.011767101 0.022080464 0.998875856
1341846330.483903 -0.002709073 -0.067404188 0.129950657 0.040615764 -0.013694651 0.025093392 0.998765826
1341846330.515970 -0.003012371 -0.076331377 0.130241081 0.038850877 -0.016034350 0.028272202 0.998716295
1341846330.552099 -0.000079923 -0.079557464 0.131639659 0.040253218 -0.017648032 0.030589340 0.998565257
1341846330.583876 -0.005073245 -0.069667190 0.127620727 0.040258467 -0.017456973 0.030709995 0.998564661
1341846330.619992 -0.009660621 -0.064926632 0.121103622 0.035476740 -0.018618613 0.030205693 0.998740435
1341846330.652136 -0.007141266 -0.070862740 0.120073199 0.028633425 -0.020373609 0.028833194 0.998966396
1341846330.683796 -0.012188710 -0.072194926 0.117586501 0.024250763 -0.019738313 0.027396416 0.999135494
1341846330.719991 -0.017677862 -0.090213642 0.110379860 0.020471500 -0.021750258 0.028056934 0.999159992
1341846330.752103 -0.018915812 -0.094185472 0.108459853 0.022252740 -0.026418725 0.032662127 0.998869419
1341846330.787952 -0.029105369 -0.087496802 0.097180240 0.023632687 -0.030208660 0.036530368 0.998596251
1341846330.819823 -0.024222754 -0.086094178 0.101265036 0.023615567 -0.035166938 0.036803097 0.998424292
1341846330.852208 -0.022669282 -0.078219987 0.099586494 0.023405040 -0.037336066 0.038138382 0.998300433
1341846330.914111 -0.027780229 -0.064322531 0.093766905 0.014641726 -0.040516451 0.037524834 0.998366654
1341846330.949903 -0.031827215 -0.079020858 0.089435875 0.010641739 -0.041369468 0.037085731 0.998398721
1341846330.981986 -0.041138325 -0.078531824 0.084543355 0.011592685 -0.045340497 0.037609734 0.998196065
1341846331.014111 -0.038201820 -0.069580227 0.087789722 0.011789003 -0.049828880 0.038028166 0.997963905
1341846331.082139 -0.043912951 -0.075583294 0.079887152 0.013252208 -0.052110441 0.034242626 0.997966111
1341846331.114334 -0.041848131 -0.069287308 0.077453054 0.013401603 -0.054753140 0.034419559 0.997816503
1341846331.149989 -0.040284716 -0.080610022 0.073875390 0.013039686 -0.055819981 0.033421658 0.997796118
1341846331.181954 -0.047482096 -0.080876306 0.068634965 0.016401241 -0.055278383 0.032014072 0.997822881
1341846331.218151 -0.051010955 -0.062421732 0.069980219 0.017175252 -0.058822189 0.033323944 0.997564256
1341846331.249914 -0.038471553 -0.076006800 0.072902560 0.014025178 -0.061486918 0.031844329 0.997501194
1341846331.318141 -0.031934638 -0.072525278 0.075925499 0.025182912 -0.051895626 0.028499164 0.997928083
1341846331.349926 -0.026617013 -0.074002437 0.065415427 0.023830725 -0.049261179 0.027432641 0.998124659
1341846331.382003 0.021005757 -0.090981975 0.076667070 0.025681423 -0.046388470 0.028941272 0.998173833
1341846331.418008 -0.001622696 -0.083628938 0.074770480 0.033325851 -0.034288604 0.028293042 0.998455465
1341846331.450327 -0.007098743 -0.077004373 0.079571255 0.035641361 -0.028633410 0.029472403 0.998519540
1341846331.486219 -0.026758956 -0.065497242 0.096187636 0.036359683 -0.024796752 0.027678886 0.998647571
1341846331.518344 -0.017601185 -0.068397708 0.098544411 0.034864914 -0.024684580 0.026487878 0.998736024
1341846331.550202 -0.006964557 -0.077358760 0.105479725 0.036600724 -0.020813502 0.025904560 0.998777390
1341846331.586139 -0.022330452 -0.062756710 0.115810357 0.039996967 -0.017875062 0.025286661 0.998719871
1341846331.617931 -0.013437877 -0.059375942 0.120835163 0.039107420 -0.018745042 0.026050074 0.998719513
1341846331.654027 -0.005616843 -0.066943295 0.133771554 0.039257668 -0.016560171 0.026543202 0.998739302
1341846331.686123 -0.013584338 -0.055873349 0.138403833 0.042284269 -0.012975915 0.028038945 0.998627782
1341846331.717954 -0.018336812 -0.043396529 0.141699895 0.039747510 -0.013804133 0.028032528 0.998721063
1341846331.754076 -0.006204837 -0.058010604 0.158649981 0.036599863 -0.013956908 0.027458947 0.998855233
1341846331.785920 -0.003972998 -0.059815314 0.168529257 0.039416827 -0.011402522 0.026514707 0.998805940
1341846331.818053 -0.010487637 -0.047262538 0.180062771 0.040664759 -0.008806849 0.026181301 0.998790979
1341846331.853849 -0.008113939 -0.054311734 0.190210402 0.038868744 -0.008716180 0.025926765 0.998869896
1341846331.885987 0.002725705 -0.055646867 0.201064840 0.041874543 -0.007097753 0.024120485 0.998806477
1341846331.922014 -0.001298562 -0.050153401 0.210310698 0.044048697 -0.003117239 0.023038279 0.998758852
1341846331.954037 0.004956083 -0.049048219 0.221127823 0.043972220 -0.000822076 0.023347849 0.998759568
1341846331.986135 0.008136230 -0.058345892 0.238237396 0.045740396 0.004835428 0.024564646 0.998639643
1341846332.022364 -0.005451941 -0.062970109 0.255943924 0.052829504 0.011099170 0.024637170 0.998237908
1341846332.054175 -0.006465320 -0.059520964 0.265529871 0.059483066 0.011020043 0.026203344 0.997824550
1341846332.086502 -0.002310030 -0.056770861 0.275152475 0.062446363 0.010795827 0.028258430 0.997589827
1341846332.122051 -0.005681653 -0.050351612 0.289567679 0.064509317 0.012287388 0.026948981 0.997477531
1341846332.153983 -0.007081966 -0.033282824 0.305079192 0.063742459 0.011569747 0.025010670 0.997585893
1341846332.190165 -0.009278839 -0.036862385 0.319090068 0.056462117 0.009850889 0.023052020 0.998090029
1341846332.254145 -0.008798469 -0.055813015 0.341471553 0.055862416 0.010348237 0.020865228 0.998166800
1341846332.289948 -0.014047043 -0.050229982 0.357185096 0.058317784 0.010455793 0.022916814 0.997980237
1341846332.322172 -0.011762550 -0.051940959 0.368022889 0.058821630 0.009690373 0.025041811 0.997907341
1341846332.354003 -0.003079574 -0.058670651 0.372295886 0.060996357 0.010967879 0.022321325 0.997828186
1341846332.390180 -0.001134412 -0.044462565 0.382057607 0.063592732 0.015495695 0.019992361 0.997655392
1341846332.422055 -0.006202546 -0.039955579 0.393051118 0.061916478 0.018337391 0.016964393 0.997768700
1341846332.458114 -0.000751263 -0.043781206 0.402620465 0.060974941 0.020256596 0.013042672 0.997848511
1341846332.489993 -0.012651210 -0.039614774 0.415223777 0.062219869 0.023281816 0.013819811 0.997695208
1341846332.522130 -0.017267965 -0.034366090 0.427228689 0.061967026 0.019207757 0.019977786 0.997693360
1341846332.558114 -0.015253766 -0.038404856 0.436216176 0.061820440 0.013725805 0.026579894 0.997638941
1341846332.589874 -0.008411791 -0.028559549 0.437058151 0.061993785 0.010605827 0.031130273 0.997534633
1341846332.621889 -0.004409838 -0.020013308 0.438935399 0.058023192 0.009879891 0.032979060 0.997721434
1341846332.658202 0.000908766 -0.028274868 0.447556198 0.053259026 0.010374910 0.031323224 0.998035491
1341846332.690001 -0.000143494 -0.024031699 0.463737965 0.051514618 0.011630320 0.031553339 0.998105943
1341846332.726000 -0.002089506 -0.027685994 0.477921963 0.050536871 0.010651347 0.036382351 0.998002529
1341846332.758386 0.003026097 -0.026526501 0.483214170 0.051013090 0.007543087 0.037635237 0.997960150
1341846332.789937 0.020298947 -0.019008074 0.491223961 0.050916098 0.006539322 0.038289778 0.997947276
1341846332.825925 0.012378654 -0.018413760 0.508511662 0.048786920 0.010652641 0.034916684 0.998141885
1341846332.857898 0.012549365 -0.018363651 0.518382132 0.049570322 0.012086014 0.033820137 0.998124719
1341846332.894069 0.011056574 -0.006390251 0.521250367 0.050148182 0.012200607 0.033723053 0.998097777
1341846332.926029 0.019231642 -0.000488995 0.530178607 0.047094990 0.012260140 0.031901415 0.998305619
1341846332.958015 0.026393332 -0.000476440 0.542280674 0.043794774 0.013842005 0.029854186 0.998498499
1341846332.994073 0.028673630 0.002046988 0.545016646 0.040674984 0.015002422 0.028516503 0.998652756
1341846333.026545 0.035044875 0.003930057 0.556945145 0.038368445 0.015683873 0.026461905 0.998790085
1341846333.057998 0.043700047 0.003082058 0.564276218 0.037055206 0.017279310 0.027245864 0.998792350
1341846333.094024 0.045886021 0.005212380 0.576474071 0.037707515 0.018786294 0.030676989 0.998641193
1341846333.126095 0.052641913 0.010372299 0.585328758 0.038665362 0.020395899 0.033266276 0.998490095
1341846333.161973 0.055378485 0.016251139 0.585386992 0.037422050 0.022833947 0.033667061 0.998471260
1341846333.195660 0.052074831 0.016205341 0.591478884 0.034802586 0.025652753 0.035675306 0.998427808
1341846333.226331 0.056009859 0.018570041 0.597040117 0.033625815 0.025794920 0.034622807 0.998501539
1341846333.262056 0.054263182 0.024719838 0.599137485 0.030777678 0.026736084 0.032939360 0.998625576
1341846333.294147 0.056513764 0.022519976 0.609907091 0.027111622 0.026648182 0.031948712 0.998766363
1341846333.326100 0.060464047 0.022994241 0.609358609 0.025163965 0.024869340 0.031085636 0.998890460
1341846333.362100 0.065771490 0.031652026 0.612991393 0.022842105 0.023456868 0.029922972 0.999015868
1341846333.394119 0.062885582 0.027875809 0.618167460 0.019163240 0.022937741 0.029037243 0.999131382
1341846333.429974 0.063441664 0.029302353 0.619905651 0.018476224 0.021213299 0.028336538 0.999202490
1341846333.462115 0.072111368 0.025842987 0.623752594 0.018220050 0.020503446 0.028154818 0.999227226
1341846333.494040 0.069917589 0.025488785 0.624359429 0.018793046 0.021726169 0.026548842 0.999234676
1341846333.529953 0.059167091 0.020938214 0.619072676 0.019071953 0.025317416 0.026130097 0.999155939
1341846333.562063 0.071643725 0.026968529 0.626597941 0.020564158 0.025218505 0.028197186 0.999072671
1341846333.594090 0.067239717 0.038430400 0.627284646 0.020742925 0.024806956 0.028948525 0.999057770
1341846333.629994 0.062602788 0.037876569 0.624524117 0.016560577 0.022887953 0.028110659 0.999205530
1341846333.662127 0.066353031 0.038450070 0.623488903 0.013659914 0.021235090 0.027814046 0.999294221
1341846333.697964 0.068751462 0.028505342 0.624398589 0.010784616 0.021060925 0.028357847 0.999317765
1341846333.730092 0.067625493 0.025734939 0.619975626 0.013100749 0.021400467 0.028669972 0.999274015
1341846333.762089 0.063533656 0.026374264 0.615775406 0.014936651 0.022873076 0.030551316 0.999159813
1341846333.798006 0.064737812 0.023197092 0.613524973 0.015870888 0.022967953 0.029674131 0.999169707
1341846333.830055 0.065440342 0.024510501 0.608515203 0.018860446 0.024204498 0.027627707 0.999147236
1341846333.866045 0.059249859 0.024959285 0.603810072 0.020025745 0.026271161 0.026617799 0.999099791
1341846333.897987 0.057045653 0.020112444 0.599888265 0.021142432 0.026451530 0.025313448 0.999105871
1341846333.930099 0.057041477 0.017304881 0.593056619 0.023974597 0.027156925 0.024310980 0.999047935
1341846333.965889 0.053053092 0.017714394 0.587162971 0.026239103 0.028456418 0.024154371 0.998958647
1341846333.997985 0.058361243 0.014913235 0.583395362 0.029016374 0.028521378 0.023979941 0.998884201
1341846334.030076 0.052381352 0.015198802 0.577562273 0.032229893 0.030190330 0.025209231 0.998706281
1341846334.066000 0.048927058 0.014021348 0.569522917 0.033780482 0.030202908 0.026754528 0.998614550
1341846334.097932 0.048251856 0.012184612 0.563162446 0.035537075 0.030123349 0.026178285 0.998571217
1341846334.133884 0.047452327 0.013009540 0.556567073 0.037205677 0.030745955 0.026837515 0.998474002
1341846334.166115 0.037186883 0.013436530 0.549326539 0.037587814 0.030559463 0.027454117 0.998448610
1341846334.198072 0.038040467 0.011303445 0.543013513 0.038065009 0.028604269 0.026131166 0.998523951
1341846334.234097 0.038194388 0.012126533 0.537188947 0.038353685 0.029129222 0.024741679 0.998533070
1341846334.266045 0.033782799 0.010163850 0.528999805 0.038233824 0.030820543 0.025662336 0.998463690
1341846334.297946 0.025029447 0.012101574 0.519200861 0.039792690 0.030104950 0.027320750 0.998380601
1341846334.334036 0.019913726 0.012887032 0.518162608 0.040383082 0.028940402 0.026718203 0.998407602
1341846334.365871 0.025145566 0.018036980 0.509658277 0.040337477 0.027987860 0.026128495 0.998452246
1341846334.401845 0.022733551 0.015232814 0.500536501 0.038567722 0.028867684 0.024878290 0.998529077
1341846334.433864 0.015064367 0.008268316 0.491840780 0.037822325 0.028434411 0.025441075 0.998555839
1341846334.466105 0.013173705 0.014887732 0.483920872 0.039500915 0.026873806 0.025972471 0.998520374
1341846334.502142 0.007799774 0.016843883 0.476800531 0.038369004 0.025752274 0.026977921 0.998567402
1341846334.540153 0.008188601 0.014767393 0.469532490 0.037601456 0.024145890 0.025838891 0.998666823
1341846334.602351 -0.003044306 0.021449737 0.451723367 0.032997761 0.020817375 0.018699130 0.999063671
1341846334.670161 -0.008042950 0.016991066 0.439029425 0.027589556 0.018203758 0.011897943 0.999382734
1341846334.702085 -0.018700613 0.012723091 0.430519879 0.026134588 0.016975818 0.011929601 0.999443114
1341846334.734751 -0.020251822 0.011695646 0.425335824 0.026261311 0.014202712 0.013283587 0.999466002
1341846334.770889 -0.025092773 0.011183753 0.408791155 0.026184587 0.012897819 0.016185550 0.999442875
1341846334.802194 -0.027394902 0.014177246 0.401960403 0.026016409 0.009970234 0.017010659 0.999467075
1341846334.833908 -0.026642986 0.012632236 0.391075015 0.025296271 0.008274878 0.014675467 0.999538064
1341846334.869874 -0.030367641 0.013540847 0.380345166 0.023533016 0.008078636 0.015028823 0.999577522
1341846334.902006 -0.036770172 0.012176825 0.368718773 0.021741830 0.006702483 0.015168533 0.999626100
1341846334.938010 -0.038649336 0.011745048 0.365163982 0.021522444 0.003358278 0.014484336 0.999657810
1341846334.970032 -0.036721591 0.009805526 0.355074108 0.021252183 0.002286753 0.013921399 0.999674618
1341846335.002203 -0.041480746 0.008212775 0.342647672 0.022778368 0.002759733 0.016051326 0.999607861
1341846335.037880 -0.042900912 0.007631408 0.327090621 0.025318852 -0.000505183 0.017735314 0.999522030
1341846335.069990 -0.044631097 0.011335603 0.322578371 0.025796294 -0.003545649 0.017405827 0.999509394
1341846335.106038 -0.041437279 0.008227061 0.310036719 0.025697023 -0.002648774 0.015896028 0.999539912
1341846335.138045 -0.050784908 0.007358740 0.306185961 0.027729856 -0.000763908 0.014787562 0.999505818
1341846335.169900 -0.053814754 0.011700466 0.287278920 0.028073786 -0.003600943 0.015014715 0.999486625
1341846335.206091 -0.051191796 0.010802734 0.279467195 0.027098509 -0.005845366 0.013048061 0.999530554
1341846335.239365 -0.050182372 0.004466779 0.269065678 0.026538402 -0.004727153 0.010437017 0.999582112
1341846335.269948 -0.055554874 0.002576447 0.258286357 0.028170239 -0.002978876 0.009101108 0.999557316
1341846335.305972 -0.061703335 0.004200417 0.249108881 0.030311661 -0.004249287 0.009974794 0.999481738
1341846335.338012 -0.059191674 0.004709162 0.239097118 0.031802587 -0.005998438 0.011736329 0.999407291
1341846335.374005 -0.052730281 -0.008399806 0.227882549 0.035203181 -0.004785947 0.012455854 0.999291122
1341846335.406025 -0.059223987 -0.003954262 0.221345395 0.042816147 -0.001658034 0.014938940 0.998969913
1341846335.438079 -0.062807508 0.005429324 0.208839610 0.048967987 -0.000681389 0.018094610 0.998636246
1341846335.473998 -0.063780844 0.007879318 0.201850787 0.051147096 0.001134246 0.018912651 0.998511434
1341846335.507038 -0.064317144 0.011858912 0.189410195 0.052342206 0.003784637 0.016976351 0.998477757
1341846335.538040 -0.067957871 0.018476240 0.182348222 0.051976319 0.006172581 0.015203669 0.998513520
1341846335.574119 -0.076730005 0.020984318 0.173903823 0.049430631 0.006613969 0.015871625 0.998629570
1341846335.605970 -0.076306246 0.015078885 0.162743136 0.047557335 0.005837733 0.015020099 0.998738527
1341846335.641978 -0.071796857 0.016340362 0.148326874 0.048804257 0.006693757 0.012277368 0.998710454
1341846335.673993 -0.076983832 0.019269057 0.138916746 0.048588473 0.007639597 0.012501388 0.998711467
1341846335.706178 -0.081258856 0.019188199 0.127616450 0.048144523 0.006582264 0.012972940 0.998734474
1341846335.741982 -0.077872127 0.017768765 0.120122842 0.048472058 0.005853909 0.012492361 0.998729289
1341846335.773960 -0.081661947 0.024071552 0.108954750 0.049169675 0.006500362 0.011654167 0.998701334
1341846335.806271 -0.084068485 0.030381795 0.098115832 0.047635268 0.006042416 0.011700760 0.998778045
1341846335.842031 -0.083298907 0.024146430 0.093866661 0.044949833 0.006792845 0.011951667 0.998894691
1341846335.873966 -0.083913699 0.024967194 0.081026115 0.046045788 0.008410405 0.011034781 0.998843014
1341846335.910005 -0.090455957 0.029486850 0.063923031 0.045615539 0.008737983 0.012716308 0.998839974
1341846335.941936 -0.091390945 0.028486935 0.051996820 0.044515599 0.006516305 0.013605058 0.998894870
1341846335.974198 -0.094143897 0.029678825 0.048640586 0.044500783 0.005894850 0.011198945 0.998929203
1341846336.010032 -0.095748603 0.027207714 0.033676703 0.043507788 0.005780070 0.010277850 0.998983502
1341846336.042129 -0.098162033 0.026279651 0.014578804 0.042247586 0.004417862 0.011147782 0.999035239
1341846336.078076 -0.100839652 0.023261877 0.009285650 0.042076368 0.002495056 0.010157900 0.999059677
1341846336.110739 -0.100943424 0.025937155 0.006489208 0.042805787 0.002165041 0.008951915 0.999040961
1341846336.142002 -0.107764795 0.025402285 -0.011905855 0.042579912 0.002470633 0.009575338 0.999044180
1341846336.183953 -0.114271589 0.033994213 -0.016501518 0.042965446 0.000230740 0.009469190 0.999031663
1341846336.241891 -0.112447381 0.027823802 -0.024094585 0.040269293 -0.001269750 0.010158623 0.999136448
1341846336.277946 -0.119502202 0.023283498 -0.038905989 0.040475987 -0.000423798 0.011813598 0.999110639
1341846336.309977 -0.126034439 0.025329959 -0.046432421 0.043478996 -0.002523993 0.014023613 0.998952806
1341846336.346143 -0.123726055 0.027827118 -0.054346483 0.045378808 -0.004395914 0.015502199 0.998839915
1341846336.377975 -0.125485495 0.028482934 -0.060249042 0.046415597 -0.003949514 0.014304400 0.998811960
1341846336.410032 -0.128044039 0.029608697 -0.076242857 0.047168057 -0.003237133 0.014726357 0.998773158
1341846336.446041 -0.131852895 0.036631633 -0.081136748 0.047369648 -0.003639122 0.014240741 0.998769283
1341846336.477990 -0.126991704 0.034428123 -0.087245792 0.045922503 -0.004316449 0.014902552 0.998824537
1341846336.510056 -0.131989747 0.032030415 -0.091359772 0.046158124 -0.003239627 0.015121452 0.998814464
1341846336.546024 -0.132805258 0.032883860 -0.097979054 0.047089793 -0.003349597 0.017566005 0.998730600
1341846336.578003 -0.136088252 0.042001467 -0.105396554 0.047418207 -0.003661097 0.019030536 0.998687148
1341846336.614020 -0.130932316 0.042123348 -0.109337926 0.046583831 -0.003428115 0.018375132 0.998739481
1341846336.645982 -0.137445703 0.046639036 -0.114237458 0.045660205 -0.001794583 0.017756559 0.998797596
1341846336.678036 -0.146138862 0.040635895 -0.121311173 0.043455504 -0.003113315 0.017915307 0.998889863
1341846336.714024 -0.145763531 0.034650102 -0.126107305 0.044631500 -0.005501057 0.017931020 0.998827457
1341846336.746016 -0.149965167 0.030898208 -0.140251085 0.048391592 -0.007440839 0.019456722 0.998611212
1341846336.778014 -0.154284731 0.037003972 -0.156539068 0.051443350 -0.011070584 0.022343852 0.998364568
1341846336.820006 -0.152909413 0.042271789 -0.156090766 0.052175801 -0.015378482 0.025167774 0.998202264
1341846336.882056 -0.160179645 0.041187659 -0.166068211 0.054976434 -0.017128713 0.023333479 0.998068035
1341846336.914273 -0.164349452 0.035577007 -0.171097875 0.056833267 -0.021840973 0.026303984 0.997798145
1341846336.945998 -0.161253691 0.033014551 -0.176013902 0.063210569 -0.028796202 0.028086906 0.997189224
1341846336.981980 -0.166722775 0.049074546 -0.190104768 0.067390732 -0.032177370 0.025955530 0.996869802
1341846337.014238 -0.170205280 0.058318019 -0.182118580 0.064994462 -0.034916300 0.023553496 0.996996403
1341846337.046017 -0.168630853 0.054540478 -0.179105952 0.062482715 -0.036391567 0.019171519 0.997198105
1341846337.082104 -0.175345525 0.055517931 -0.187100962 0.061759979 -0.036217865 0.015946152 0.997306228
1341846337.114317 -0.170523107 0.051708877 -0.198227093 0.059513852 -0.038901199 0.015473697 0.997349203
1341846337.150037 -0.171370760 0.052495208 -0.195679128 0.058000661 -0.040706180 0.013866384 0.997389913
1341846337.181873 -0.166239023 0.052389447 -0.197660655 0.057405371 -0.040775098 0.010944622 0.997457922
1341846337.214073 -0.168260559 0.059629187 -0.204313472 0.055404883 -0.039253369 0.008992656 0.997651517
1341846337.250087 -0.179080948 0.048686456 -0.214487806 0.051861912 -0.040103085 0.010128506 0.997797370
1341846337.282028 -0.182957858 0.050989270 -0.213929400 0.053408179 -0.044128064 0.013280947 0.997508883
1341846337.317920 -0.172480032 0.053721298 -0.209835500 0.053190582 -0.046365857 0.013893005 0.997410655
1341846337.350018 -0.174020052 0.059396483 -0.216391742 0.051827986 -0.045605388 0.013691446 0.997520208
1341846337.382159 -0.171721354 0.054122731 -0.213736847 0.048765294 -0.045440167 0.012019463 0.997703731
1341846337.417941 -0.183001801 0.048265290 -0.210457444 0.049454730 -0.044090796 0.012033301 0.997730196
1341846337.450137 -0.183680177 0.053008340 -0.229055271 0.050105460 -0.045895901 0.012686568 0.997608244
1341846337.482096 -0.179419100 0.048491634 -0.223220319 0.048211135 -0.046497099 0.013770134 0.997659326
1341846337.518008 -0.177198425 0.048102636 -0.227738678 0.049253110 -0.047210518 0.014244532 0.997568250
1341846337.549978 -0.176271677 0.057340194 -0.234767020 0.049990125 -0.047941662 0.012199719 0.997523844
1341846337.585971 -0.180820093 0.054987587 -0.224248976 0.047087975 -0.048160657 0.011346675 0.997664571
1341846337.617903 -0.177420884 0.045088097 -0.219291583 0.047796980 -0.048941541 0.012110149 0.997583926
1341846337.650141 -0.176450834 0.054424416 -0.230169669 0.050940204 -0.049167823 0.011186362 0.997427940
1341846337.686352 -0.176534012 0.056489933 -0.232806921 0.049168017 -0.048834585 0.011207984 0.997533023
1341846337.718002 -0.176138610 0.055037275 -0.219166413 0.047304362 -0.048462871 0.011674447 0.997635901
1341846337.749920 -0.166958794 0.058253668 -0.219155967 0.046982948 -0.046986718 0.011115280 0.997728050
1341846337.786157 -0.170112476 0.063755915 -0.225227505 0.043930866 -0.043636996 0.010534194 0.998025596
1341846337.817945 -0.162099555 0.059258312 -0.213276789 0.041434355 -0.042131040 0.012365965 0.998176038
1341846337.854071 -0.163619637 0.065244541 -0.209566578 0.040530834 -0.038778543 0.011874733 0.998354912
1341846337.885951 -0.163105398 0.065597437 -0.209614813 0.037099626 -0.036313783 0.010549109 0.998595834
1341846337.918223 -0.160086080 0.064314574 -0.201930240 0.032591514 -0.035075605 0.007904078 0.998821855
1341846337.954120 -0.162241995 0.065561444 -0.191447765 0.030551262 -0.033463866 0.007496372 0.998944759
1341846337.985994 -0.159911424 0.072571561 -0.187645406 0.028038351 -0.032670371 0.007605531 0.999043882
1341846338.018107 -0.155901641 0.070425287 -0.177391350 0.024369482 -0.031272735 0.008871870 0.999174416
1341846338.054055 -0.154843360 0.072925396 -0.176007286 0.021958584 -0.029695649 0.007752227 0.999287665
1341846338.085986 -0.142987728 0.070368290 -0.161867708 0.018039621 -0.027582003 0.008436422 0.999421179
1341846338.121875 -0.151655167 0.070077486 -0.154917777 0.016340390 -0.024352811 0.009662373 0.999523163
1341846338.154089 -0.148045436 0.064997673 -0.153661877 0.015035464 -0.024108874 0.012778801 0.999514639
1341846338.186029 -0.151773244 0.069965154 -0.141447768 0.014206972 -0.024124427 0.015026306 0.999495089
1341846338.222071 -0.142832533 0.074991032 -0.131425604 0.013196615 -0.023524817 0.014739530 0.999527454
1341846338.254107 -0.144025207 0.069594972 -0.117610738 0.011047048 -0.021470714 0.015416389 0.999589562
1341846338.290130 -0.138861328 0.068519153 -0.109704353 0.011430946 -0.021924190 0.017236566 0.999545693
1341846338.321952 -0.143176228 0.074197479 -0.107226260 0.011916415 -0.020305138 0.018185724 0.999557436
1341846338.354022 -0.138582140 0.073016167 -0.091818877 0.011320753 -0.020228136 0.019191988 0.999547064
1341846338.389969 -0.142901689 0.079805478 -0.086003043 0.011378848 -0.018764623 0.019386020 0.999571264
1341846338.422377 -0.139235169 0.075479761 -0.073392101 0.009024672 -0.018611781 0.019699611 0.999591947
1341846338.454010 -0.136068448 0.079834580 -0.065466903 0.008283528 -0.019257203 0.018900190 0.999601603
1341846338.489894 -0.131114587 0.074905358 -0.052698873 0.006105034 -0.020305131 0.019348679 0.999587953
1341846338.522066 -0.129234120 0.074869767 -0.040213570 0.007105534 -0.019861324 0.018706724 0.999602497
1341846338.558058 -0.132987738 0.085639805 -0.035747338 0.007402915 -0.019391131 0.017588357 0.999629915
1341846338.589842 -0.125945732 0.079187542 -0.021199334 0.004280797 -0.020408500 0.017621098 0.999627292
1341846338.622019 -0.119991355 0.077824526 -0.008088411 0.005375573 -0.019658303 0.018986488 0.999611974
1341846338.657984 -0.126542866 0.083014220 -0.002653207 0.005840128 -0.019217422 0.020756438 0.999582827
1341846338.690198 -0.119196363 0.084599331 0.001894148 0.003712628 -0.020359909 0.020165442 0.999582410
1341846338.722454 -0.114168569 0.079669982 0.017892420 0.002768973 -0.019577138 0.020634105 0.999591589
1341846338.757945 -0.118522964 0.085459329 0.019822836 0.003334246 -0.019119561 0.021848088 0.999572933
1341846338.790039 -0.113706887 0.088066369 0.030526012 0.001452495 -0.021875177 0.022835629 0.999498844
1341846338.826048 -0.106305823 0.082451254 0.041027464 0.001203990 -0.021239338 0.021616537 0.999539971
1341846338.858027 -0.110014804 0.089187734 0.048339125 0.001603630 -0.019012602 0.020447558 0.999608874
1341846338.889902 -0.106581278 0.085824966 0.055798329 -0.001460307 -0.020312645 0.020157507 0.999589443
1341846338.925948 -0.098880932 0.084574319 0.069591440 -0.002206986 -0.020077890 0.018021677 0.999633551
1341846338.958108 -0.099908784 0.088268340 0.082194261 -0.001431960 -0.017870963 0.017296774 0.999689698
1341846338.990057 -0.094703533 0.085601307 0.098602571 -0.001382215 -0.018325767 0.018382056 0.999662161
1341846339.025928 -0.087921932 0.085543141 0.119836695 0.000868337 -0.017968398 0.018569749 0.999665737
1341846339.057939 -0.090758443 0.093583614 0.123467885 0.004253155 -0.014938529 0.018698806 0.999704540
1341846339.093927 -0.096963637 0.096640669 0.125848055 0.003087885 -0.014759412 0.019537449 0.999695420
1341846339.126562 -0.089517258 0.099003941 0.134683773 -0.000130736 -0.016522814 0.018578522 0.999690890
1341846339.157969 -0.078714222 0.098348260 0.153620064 -0.002736443 -0.014659229 0.016887560 0.999746263
1341846339.194113 -0.084400758 0.100830920 0.156914383 -0.004620099 -0.012801422 0.017944384 0.999746442
1341846339.228165 -0.087348662 0.106879838 0.160636410 -0.007616569 -0.014326383 0.019760797 0.999673128
1341846339.257998 -0.069981851 0.102356173 0.190901145 -0.010861392 -0.015432821 0.021086060 0.999599576
1341846339.294132 -0.073755555 0.108958162 0.194874838 -0.010367135 -0.012242326 0.021611236 0.999637783
1341846339.326577 -0.075500116 0.117351122 0.189606354 -0.013787990 -0.014226190 0.025484633 0.999478936
1341846339.362269 -0.063701481 0.110531732 0.209422126 -0.018986920 -0.017511349 0.023313524 0.999394536
1341846339.394725 -0.060471032 0.113534339 0.224229068 -0.019278428 -0.015435256 0.022032144 0.999452233
1341846339.462186 -0.052303493 0.109822065 0.241562232 -0.023608755 -0.016819116 0.022368072 0.999329507
1341846339.496743 -0.037268866 0.107895873 0.248329729 -0.020694379 -0.014422267 0.020603940 0.999469519
1341846339.562052 -0.044660274 0.110951476 0.272206396 -0.019052563 -0.009909287 0.022532742 0.999515474
1341846339.595122 -0.039017078 0.112932123 0.283659577 -0.016570227 -0.009373402 0.021340800 0.999590993
1341846339.632085 -0.034741797 0.117706768 0.284755766 -0.014624710 -0.005770073 0.019143930 0.999693096
1341846339.664568 -0.030121837 0.111444719 0.295150459 -0.015306335 -0.003295293 0.017843843 0.999718189
1341846339.698896 -0.030555043 0.107151210 0.302243799 -0.016008068 -0.001799403 0.017213611 0.999722123
1341846339.731977 -0.026300915 0.110728614 0.307734191 -0.014924007 -0.001634956 0.014473386 0.999782562
1341846339.762241 -0.018449247 0.109596439 0.322327346 -0.014754257 -0.001011532 0.015043368 0.999777496
1341846339.797873 -0.018308025 0.104550302 0.326324314 -0.015343999 -0.000030877 0.016239801 0.999750376
1341846339.830245 -0.013608314 0.103553049 0.332671463 -0.015697453 -0.000737484 0.016673662 0.999737561
1341846339.862015 -0.009458713 0.104687102 0.341753721 -0.016047390 -0.000893708 0.016351547 0.999737144
1341846339.897797 -0.003297295 0.103523724 0.348796636 -0.017146083 -0.000257360 0.015961878 0.999725580
1341846339.929916 -0.002871809 0.097452596 0.359863728 -0.018151501 0.000980990 0.017949196 0.999673665
1341846339.961960 -0.000480256 0.094115376 0.362820596 -0.017265752 0.000474292 0.018589381 0.999678016
1341846339.997845 0.006005464 0.097497568 0.365321010 -0.015290242 0.001050181 0.018711759 0.999707460
1341846340.029925 0.008100895 0.094591253 0.376636922 -0.014622036 0.003561274 0.020021079 0.999686301
1341846340.066044 0.008920286 0.094107829 0.380340695 -0.012611165 0.004883765 0.021495387 0.999677479
1341846340.098009 0.009580153 0.098346464 0.385337204 -0.011084239 0.005631885 0.022095729 0.999678552
1341846340.130102 0.013693325 0.094493911 0.390502661 -0.012334539 0.005279383 0.021028319 0.999688864
1341846340.166041 0.020728353 0.091926791 0.397408336 -0.011551979 0.007006533 0.018998107 0.999728262
1341846340.197867 0.017054550 0.095902398 0.407074183 -0.010000442 0.010027630 0.019020462 0.999718845
1341846340.229904 0.019168954 0.098503858 0.410901964 -0.010944335 0.010011905 0.018465279 0.999719501
1341846340.265859 0.026956141 0.092549801 0.420745313 -0.012018294 0.010246627 0.018228047 0.999709129
1341846340.298061 0.025345618 0.096511997 0.428560466 -0.009344897 0.013234922 0.018687025 0.999694109
1341846340.334063 0.022517284 0.101134285 0.430357575 -0.009899855 0.012724091 0.020309282 0.999663770
1341846340.366064 0.030905988 0.094793029 0.439737260 -0.012154274 0.009823578 0.019885652 0.999680102
1341846340.397995 0.031186985 0.097232930 0.445192337 -0.009493987 0.010918940 0.018953416 0.999715686
1341846340.433895 0.031170612 0.095982485 0.450349092 -0.009312225 0.010735954 0.020247648 0.999693990
1341846340.465959 0.029662970 0.096683845 0.448074341 -0.008701184 0.008797425 0.021764716 0.999686539
1341846340.501858 0.038081441 0.096501715 0.448995650 -0.007803376 0.004379844 0.021906005 0.999719977
1341846340.534329 0.042468697 0.097838603 0.450591862 -0.007135446 0.002700565 0.021719301 0.999735057
1341846340.566041 0.046906546 0.094133757 0.450191408 -0.006227518 0.001633159 0.022440003 0.999727488
1341846340.601909 0.049202919 0.092857078 0.452035636 -0.003812542 0.001110127 0.022448577 0.999740124
1341846340.634005 0.054916788 0.097158886 0.443804830 -0.002671532 0.000103010 0.021520730 0.999764860
1341846340.666028 0.056804594 0.094110601 0.446200728 -0.003162414 0.000498469 0.019408146 0.999806523
1341846340.701946 0.060681738 0.091081679 0.444182694 -0.001507222 0.001811183 0.017352600 0.999846697
1341846340.733954 0.065777235 0.096527167 0.441111207 0.000154127 0.003046263 0.016062146 0.999866366
1341846340.770081 0.064580247 0.096768342 0.442183614 -0.000709998 0.003875301 0.012975755 0.999908090
1341846340.801980 0.068501122 0.095795207 0.437319338 -0.000815418 0.004819966 0.007938664 0.999956608
1341846340.833999 0.068766728 0.099689014 0.438524842 -0.000599318 0.007146965 0.003881185 0.999966800
1341846340.870013 0.066902511 0.096435182 0.440701216 -0.002208697 0.007211497 0.002698092 0.999967933
1341846340.901955 0.064942949 0.094922267 0.442491204 -0.001359082 0.007312538 0.001729807 0.999970853
1341846340.933918 0.065089390 0.094462425 0.439299285 0.000655169 0.006808155 0.004225098 0.999967754
1341846340.970122 0.063335963 0.097877569 0.430948973 0.002372755 0.004007852 0.009196713 0.999946892
1341846341.001922 0.067859091 0.089338966 0.428294778 0.002367462 -0.001006139 0.015306404 0.999879539
1341846341.037923 0.074241497 0.089466758 0.417386949 0.003351602 -0.004280214 0.017832840 0.999826252
1341846341.070300 0.072369874 0.091688462 0.420309931 0.004193957 -0.004896920 0.018320000 0.999811411
1341846341.102028 0.070320211 0.090155445 0.417782456 0.003982626 -0.006267266 0.018560769 0.999800146
1341846341.137982 0.072916441 0.088780165 0.413931906 0.003995088 -0.008512258 0.018515488 0.999784350
1341846341.170048 0.074822702 0.088756107 0.411474913 0.004486449 -0.009213943 0.020489128 0.999737561
1341846341.202110 0.073362418 0.085951947 0.407137752 0.005842594 -0.009166913 0.021238461 0.999715388
1341846341.237996 0.073808469 0.086621068 0.405957878 0.007614145 -0.009091046 0.022497641 0.999676585
1341846341.269883 0.073615074 0.087369233 0.404826701 0.008882232 -0.008639785 0.022903334 0.999660969
1341846341.306107 0.072367474 0.087344572 0.401645988 0.009534811 -0.009148476 0.022012351 0.999670386
1341846341.338109 0.071742587 0.087011985 0.398310423 0.010302474 -0.008454180 0.019866426 0.999713838
1341846341.370120 0.074702352 0.087388746 0.399093300 0.010791671 -0.007719602 0.017603775 0.999757051
1341846341.406074 0.068565533 0.086839862 0.395180047 0.010928288 -0.006409628 0.016505746 0.999783576
1341846341.438113 0.073524013 0.082588971 0.394063294 0.011664180 -0.009289163 0.017604327 0.999733865
1341846341.470024 0.072329253 0.083278403 0.392064780 0.014702318 -0.008851612 0.015125539 0.999738336
1341846341.506077 0.067039520 0.089246467 0.395148665 0.015176315 -0.007344230 0.013462735 0.999767244
1341846341.538156 0.065826155 0.088266484 0.395348400 0.014249057 -0.009376256 0.014414128 0.999750674
1341846341.574016 0.064300470 0.088260956 0.391633749 0.015293056 -0.011373273 0.014580219 0.999712110
1341846341.612466 0.062275320 0.090885736 0.389718980 0.016010508 -0.011747436 0.014821148 0.999692976
1341846341.612466 0.062336907 0.090689525 0.389780909 0.016011620 -0.011755466 0.014792088 0.999693274
1341846341.643972 0.059247535 0.095126316 0.392396480 0.015680587 -0.012962951 0.013955543 0.999695659
1341846341.679982 0.058710210 0.088647984 0.386181921 0.014667211 -0.014156423 0.014357503 0.999689162
1341846341.712332 0.056559000 0.090310745 0.382963806 0.015566460 -0.016323354 0.017180743 0.999597967
1341846341.744185 0.057896730 0.091378711 0.386366934 0.016338367 -0.018669751 0.019191682 0.999508023
1341846341.780061 0.056934878 0.093264922 0.382790387 0.016853640 -0.019027859 0.020549973 0.999465704
1341846341.842595 0.060947243 0.082303002 0.381727606 0.018206207 -0.020363534 0.025301315 0.999306679
1341846341.906227 0.063900694 0.079224855 0.380910218 0.021608716 -0.021581180 0.030146409 0.999078870
1341846341.942069 0.063804731 0.075650819 0.371217400 0.024704145 -0.021383405 0.031899896 0.998956919
1341846341.974775 0.063142806 0.079872370 0.374952555 0.028738566 -0.021616729 0.034107428 0.998771012
1341846342.010161 0.059253037 0.077977069 0.368693054 0.029060740 -0.022384055 0.035366800 0.998700976
1341846342.042024 0.065315112 0.072516017 0.365387052 0.030319881 -0.023519877 0.035407223 0.998636067
1341846342.080032 0.068667911 0.074289821 0.364831656 0.032574851 -0.021605734 0.035639118 0.998600006
1341846342.080032 0.068021521 0.075077683 0.366606563 0.032742508 -0.021582132 0.035569035 0.998597562
1341846342.112265 0.065536551 0.068861835 0.360773087 0.032338694 -0.020795787 0.038491290 0.998519003
1341846342.147954 0.067414604 0.064721495 0.363990515 0.034535665 -0.022191647 0.040302094 0.998343945
1341846342.179852 0.071619973 0.066583328 0.357505113 0.037665639 -0.021970965 0.041438416 0.998189092
1341846342.211848 0.068613142 0.069796927 0.361752212 0.038699366 -0.020991156 0.040881604 0.998193562
1341846342.247920 0.069025077 0.065248638 0.360605270 0.039531291 -0.020846125 0.039716128 0.998211086
1341846342.279870 0.071366698 0.067454278 0.362472385 0.041459583 -0.020714210 0.040140085 0.998118699
1341846342.316068 0.071920589 0.066313304 0.356951326 0.042392168 -0.020417199 0.041305151 0.998038054
1341846342.347894 0.071840532 0.070284501 0.357108772 0.043340124 -0.020431276 0.041329756 0.997996032
1341846342.379953 0.072987504 0.066688731 0.353880763 0.042897578 -0.019732896 0.041094288 0.998038888
1341846342.416195 0.070475847 0.068474218 0.356441528 0.043958616 -0.019246114 0.041990034 0.997964978
