1341845820.751833 0.0000000 0.0000000 0.0000000 -0.0000000 -0.0000000 -0.0000000 1.0000000
1341845821.555644 0.0099256 -0.0107334 0.0008004 0.0092271 0.0173369 0.0027062 0.9998035
1341845821.587677 0.0089092 -0.0070108 -0.0007662 0.0096674 0.0173368 0.0025002 0.9997998
1341845824.097956 -0.2474247 -0.0592026 -0.0020470 0.0318012 0.0109067 0.0053791 0.9994202
1341845824.130299 -0.2219334 -0.0432881 0.0065006 0.0281760 0.0224296 0.0060802 0.9993328
1341845824.601758 -0.3501615 -0.0784326 0.0151108 0.0263511 0.0160406 0.0249035 0.9992138
1341845825.480278 -0.4933323 -0.0944244 0.0046089 0.0337084 0.0048014 0.0392370 0.9986497
1341845826.583716 -0.5957693 -0.0937304 -0.0100152 0.0159900 -0.0378705 0.0479486 0.9980035
1341845826.819713 -0.5956984 -0.0730966 -0.0272154 -0.0012639 -0.0421248 0.0491857 0.9979001
1341845826.945792 -0.5993458 -0.0641357 -0.0135053 -0.0192622 -0.0325238 0.0462403 0.9982150
1341845827.045694 -0.5878825 -0.0296913 -0.0092681 -0.0263812 -0.0317293 0.0581488 0.9974548
1341845827.349700 -0.5840965 -0.0599189 0.0158231 -0.0452724 -0.0220409 0.0605467 0.9968945
1341845828.023726 -0.5132899 -0.0496845 0.0335466 -0.0313057 0.0084612 0.0550442 0.9979572
1341845832.073865 0.2002748 0.0190505 0.0008495 -0.0071151 0.0302535 0.0375425 0.9988116
1341845832.541586 0.2782955 0.0467519 -0.0072173 -0.0180406 0.0240340 0.0418560 0.9986716
1341845832.845797 0.3244304 0.0644225 -0.0113434 -0.0257544 0.0301260 0.0493991 0.9979924
1341845833.145767 0.3794743 0.0794110 -0.0251577 -0.0305662 0.0382159 0.0509847 0.9974998
1341845833.449819 0.4351428 0.0765507 -0.0279394 -0.0325742 0.0483394 0.0532854 0.9968766
1341845834.018158 0.4682149 0.0939671 -0.0293272 -0.0375385 0.0441693 0.0511543 0.9970071
1341845834.355135 0.4273377 0.0696015 -0.0177788 -0.0426051 0.0443245 0.0435845 0.9971562
1341845834.721856 0.3295320 0.0623099 -0.0102341 -0.0453992 0.0391077 0.0323010 0.9976804
1341845837.139763 -0.1169860 -0.1032106 -0.0181374 0.0340159 -0.0045394 0.0608438 0.9975572
1341845837.307686 -0.1272126 -0.1679500 -0.0271578 0.0388692 -0.0023145 0.0467846 0.9981458
1341845837.675706 -0.1044124 -0.2581236 -0.0355863 0.0361121 0.0197715 0.0267929 0.9987929
1341845837.879790 -0.0965336 -0.2941649 -0.0373410 0.0381886 0.0345802 0.0199681 0.9984724
1341845838.441818 -0.0904474 -0.3526442 -0.0245851 0.0215949 0.0424528 0.0104547 0.9988104
1341845838.709635 -0.0785633 -0.3910113 -0.0298823 0.0241506 0.0477131 -0.0017699 0.9985675
1341845838.845874 -0.0737145 -0.4090902 -0.0284738 0.0088698 0.0528782 -0.0062439 0.9985421
1341845839.013907 -0.0578713 -0.4262397 -0.0271142 0.0016863 0.0607370 -0.0113512 0.9980879
1341845839.345945 -0.0418320 -0.4538277 -0.0266320 0.0035293 0.0695972 -0.0115772 0.9975017
1341845839.681817 -0.0241955 -0.4508587 -0.0334879 0.0089692 0.0778845 -0.0046016 0.9969115
1341845840.653789 -0.0918544 -0.3143621 -0.0023465 -0.0558445 0.0538030 -0.0018837 0.9969870
1341845841.389747 -0.1266510 -0.2217537 0.0175770 -0.0314045 0.0498935 -0.0121119 0.9981872
1341845844.005877 -0.1363707 0.1744806 0.0754913 -0.0041921 0.0453069 0.0526116 0.9975780
1341845844.273743 -0.1292510 0.2120630 0.0779264 0.0061793 0.0479902 0.0472063 0.9977126
1341845844.677619 -0.1450130 0.2953016 0.0793273 -0.0068242 0.0405374 0.0611886 0.9972793
1341845845.009670 -0.1701914 0.3502784 0.0775391 -0.0184486 0.0062701 0.0445703 0.9988162
1341845845.613959 -0.1523724 0.4673531 0.0771391 -0.0317063 -0.0046783 0.0202724 0.9992807
1341845846.585802 -0.1472500 0.6383663 0.0823670 -0.0705583 0.0006112 0.0311296 0.9970216
1341845847.525805 -0.1380966 0.4113458 0.0503169 -0.0306786 0.0055507 0.0172702 0.9993647
1341845847.757787 -0.1267726 0.3262075 0.0279229 -0.0347732 0.0016529 0.0175718 0.9992394
1341845848.025620 -0.1336777 0.2782535 0.0144002 -0.0312804 -0.0066051 0.0255581 0.9991620
1341845848.301135 -0.1342165 0.2287867 -0.0039711 -0.0327261 -0.0113149 0.0235779 0.9991221
1341845848.703677 -0.1247145 0.1485719 -0.0128500 -0.0397238 -0.0205785 0.0268835 0.9986370
1341845850.343827 -0.1443447 0.1509384 0.3394240 -0.0323211 0.0238407 0.0055135 0.9991780
1341845851.009834 -0.1226613 0.1488771 0.4670354 -0.0244465 0.0275255 0.0157812 0.9991975
1341845853.021716 -0.1485178 0.1691821 0.3853427 -0.0311497 0.0247882 0.0196230 0.9990146
1341845854.497796 -0.2269769 0.1835949 0.0628543 -0.0289443 0.0231360 0.0231206 0.9990458
1341845857.009735 -0.2633928 0.1917951 -0.1888540 -0.0362014 -0.0002537 0.0294143 0.9989115
1341845859.825831 -0.1791231 0.1478913 -0.3663974 -0.0620054 0.0385386 -0.0074908 0.9973034
1341845860.193724 -0.1863853 0.1448033 -0.3732287 -0.0468048 0.0178532 -0.0168052 0.9986031
1341845860.361673 -0.1856076 0.1401477 -0.3754266 -0.0342837 -0.0005709 -0.0270245 0.9990466
1341845860.493718 -0.1839360 0.1456870 -0.3784829 -0.0306244 -0.0129809 -0.0281337 0.9990506
1341845860.772400 -0.1908033 0.1491329 -0.3845196 -0.0372178 -0.0264663 -0.0230674 0.9986903
1341845861.029961 -0.1877328 0.1483341 -0.3849864 -0.0386137 -0.0393555 -0.0272311 0.9981075
1341845861.607759 -0.1850966 0.1445064 -0.3722726 -0.0357604 -0.0323229 -0.0297319 0.9983950
1341845862.107644 -0.1600446 0.1336872 -0.3617079 -0.0245392 -0.0321067 -0.0349734 0.9985709
1341845863.015854 -0.1445394 0.1446062 -0.3618303 -0.0220198 0.0021166 -0.0238992 0.9994696
1341845863.151916 -0.1516971 0.1375253 -0.3558980 -0.0224613 0.0010955 -0.0261210 0.9994059
