1341846313.592026 0.0000000 0.0000000 0.0000000 -0.0000000 -0.0000000 -0.0000000 1.0000000
1341846313.922055 0.0678272 0.0186004 -0.0038268 0.0000478 -0.0040219 0.0035465 0.9999856
1341846314.022042 0.0930670 0.0244108 -0.0040019 -0.0050571 0.0072845 0.0081083 0.9999278
1341846314.122037 0.1237329 0.0288636 0.0089965 -0.0085663 0.0172701 0.0133722 0.9997247
1341846314.290052 0.1508875 0.0254500 0.0196008 -0.0139572 0.0296299 0.0171557 0.9993163
1341846314.493987 0.1967136 0.0250932 0.0130961 -0.0133896 0.0468766 0.0062900 0.9987912
1341846314.694004 0.2452686 0.0205517 0.0197502 -0.0150919 0.0648892 0.0040438 0.9977702
1341846314.826092 0.2714004 0.0173326 -0.0011976 -0.0020323 0.0738250 0.0137244 0.9971747
1341846314.961937 0.2938186 0.0308125 -0.0008478 -0.0038984 0.0840079 0.0259789 0.9961188
1341846315.029900 0.3225412 0.0298309 0.0230791 -0.0078959 0.0864485 0.0230822 0.9959576
1341846315.161941 0.3336143 0.0532875 -0.0007609 -0.0069759 0.0880953 0.0289361 0.9956673
1341846315.329931 0.3623182 0.0227072 0.0340061 -0.0215526 0.0763979 0.0278398 0.9964556
1341846315.466047 0.3964666 0.0308007 0.0079692 -0.0087079 0.0788353 0.0387572 0.9960959
1341846315.698114 0.4248857 0.0488501 -0.0133601 -0.0151504 0.0900164 0.0417015 0.9949515
1341846315.936901 0.3931732 0.0142590 0.0153642 -0.0146514 0.0989486 0.0394850 0.9942009
1341846316.470076 0.2763718 -0.0012377 0.0211597 0.0073813 0.0918744 0.0318726 0.9952331
1341846317.306289 0.0676789 -0.0084550 0.0208803 0.0327005 0.0415662 0.0465579 0.9975145
1341846317.442569 0.0469543 -0.0275268 0.0309832 0.0362948 0.0419370 0.0561553 0.9968805
1341846317.709996 -0.0395823 -0.0233626 0.0275569 0.0531057 0.0368155 0.0653239 0.9957697
1341846318.918047 -0.3893991 -0.0415405 0.0113095 0.0792935 -0.0546580 0.0294014 0.9949174
1341846318.950044 -0.3964607 -0.0454715 0.0141203 0.0811892 -0.0644630 0.0266503 0.9942548
1341846319.018123 -0.4079825 -0.0448678 0.0110952 0.0818601 -0.0731865 0.0230942 0.9936847
1341846319.050745 -0.4063051 -0.0580720 0.0211167 0.0825734 -0.0813053 0.0229235 0.9929983
1341846319.081905 -0.4157321 -0.0503058 0.0097233 0.0890833 -0.0808978 0.0197200 0.9925376
1341846319.117976 -0.4362137 -0.0470206 -0.0009636 0.0913629 -0.0794041 0.0258374 0.9923106
1341846319.150093 -0.4387107 -0.0484033 0.0129198 0.0931716 -0.0844916 0.0326254 0.9915220
1341846319.186069 -0.4397420 -0.0322828 -0.0054089 0.0958456 -0.0860638 0.0334365 0.9911048
1341846319.218149 -0.4678964 -0.0284757 -0.0286221 0.0928004 -0.0783282 0.0305152 0.9921299
1341846319.250034 -0.4582608 -0.0185925 0.0013286 0.0870544 -0.0739604 0.0308254 0.9929760
1341846319.286594 -0.4641097 -0.0302785 0.0103459 0.0845385 -0.0712718 0.0346611 0.9932634
1341846319.318034 -0.4602236 -0.0275565 -0.0035781 0.0849929 -0.0713735 0.0381263 0.9930903
1341846319.350268 -0.4855865 -0.0305241 0.0095333 0.0860844 -0.0696556 0.0439199 0.9928790
1341846319.386163 -0.5131106 -0.0382006 -0.0054830 0.0874266 -0.0726379 0.0505968 0.9922300
1341846319.418386 -0.4916225 -0.0344875 -0.0148374 0.0880677 -0.0802933 0.0534089 0.9914356
1341846319.453961 -0.5162823 -0.0321313 0.0064545 0.0900250 -0.0807815 0.0473526 0.9915279
1341846319.686352 -0.5774419 -0.0409568 -0.0128856 0.0824278 -0.0992537 0.0403014 0.9908230
1341846320.390064 -0.4881013 -0.0357675 0.0432953 0.1087089 -0.1235769 0.0546611 0.9848468
1341846320.426544 -0.4769485 -0.0406622 0.0621213 0.1119365 -0.1157372 0.0497025 0.9857002
1341846320.458122 -0.4740902 -0.0468868 0.0406233 0.1122874 -0.1069373 0.0466849 0.9868011
1341846320.490186 -0.4606188 -0.0459707 0.0477853 0.1159967 -0.1001290 0.0472183 0.9870610
1341846320.525911 -0.4489917 -0.0473332 0.0407776 0.1188776 -0.0922315 0.0458524 0.9875520
1341846320.558091 -0.4292320 -0.0475854 0.0197197 0.1200965 -0.0885889 0.0418288 0.9879166
1341846320.594093 -0.4132578 -0.0446406 0.0367261 0.1220645 -0.0838151 0.0377281 0.9882570
1341846320.631955 -0.3985279 -0.0464440 0.0299042 0.1244446 -0.0755607 0.0372381 0.9886443
1341846320.631955 -0.3965277 -0.0475912 0.0308222 0.1242977 -0.0758261 0.0375701 0.9886299
1341846320.664916 -0.3917617 -0.0456041 0.0221787 0.1243290 -0.0729921 0.0354714 0.9889167
1341846320.699927 -0.3639869 -0.0445565 0.0384069 0.1246416 -0.0713213 0.0349243 0.9890187
1341846320.831871 -0.3454952 -0.0249320 -0.0202440 0.1212938 -0.0487914 0.0206877 0.9912009
1341846321.167887 -0.2254058 -0.0395512 0.0287385 0.1035493 -0.0326035 0.0226917 0.9938308
1341846321.231950 -0.2112483 -0.0432025 0.0336139 0.1030440 -0.0289720 0.0218636 0.9940144
1341846322.534002 -0.0067880 -0.2027845 0.0592990 0.0790061 0.0167754 0.0048377 0.9967213
1341846322.806047 0.0012549 -0.2915883 0.0715926 0.1128116 0.0125089 0.0152550 0.9934205
1341846322.906018 0.0161262 -0.3165524 0.0825188 0.1220358 0.0004416 0.0179594 0.9923632
1341846323.573913 0.0544439 -0.4356737 0.0845302 0.0956652 0.0003287 0.0139600 0.9953156
1341846324.519985 -0.0005593 -0.3910323 0.0961579 0.0949409 0.0015191 -0.0133004 0.9953929
1341846324.755922 -0.0106361 -0.2989387 0.1037821 0.0879389 -0.0136045 -0.0066867 0.9960105
1341846325.417931 0.0118984 -0.1242314 0.1271707 0.0709734 -0.0229249 0.0168463 0.9970725
1341846326.926897 -0.0444864 0.3107740 0.2434521 0.0736099 0.0372070 0.0680039 0.9942699
1341846327.094662 -0.0331380 0.3669425 0.2442466 0.0716742 0.0407281 0.0673834 0.9943156
1341846327.262014 -0.0216734 0.4254055 0.2477538 0.0691414 0.0485122 0.0580291 0.9947355
1341846327.294023 -0.0209423 0.4308335 0.2558996 0.0716826 0.0622062 0.0519490 0.9941294
1341846327.429966 -0.0272258 0.5173967 0.2751579 0.0730510 0.0794165 0.0402171 0.9933475
1341846327.530068 -0.0311272 0.5439221 0.2833193 0.0573608 0.0738987 0.0391999 0.9948428
1341846327.598010 -0.0432068 0.5568418 0.2973780 0.0569322 0.0690953 0.0485547 0.9948000
1341846327.730075 -0.0434849 0.6287087 0.2975452 0.0582264 0.0582743 0.0467165 0.9955056
1341846327.966065 -0.0451598 0.7085305 0.3119077 0.0275194 0.0572604 0.0471912 0.9968635
1341846328.333917 -0.0512781 0.6158580 0.2939388 0.0153118 0.0508087 0.0470260 0.9974831
1341846328.570125 -0.0354619 0.4545805 0.2659315 0.0377220 0.0545662 0.0297222 0.9973546
1341846331.382003 0.0210058 -0.0909820 0.0766671 0.0256814 -0.0463885 0.0289413 0.9981738
1341846332.489993 -0.0126512 -0.0396148 0.4152238 0.0622199 0.0232818 0.0138198 0.9976952
1341846332.825925 0.0123787 -0.0184138 0.5085117 0.0487869 0.0106526 0.0349167 0.9981419
1341846333.161973 0.0553785 0.0162511 0.5853871 0.0374220 0.0228339 0.0336671 0.9984713
1341846333.494040 0.0699176 0.0254888 0.6243595 0.0187930 0.0217262 0.0265488 0.9992347
1341846334.297946 0.0250294 0.0121016 0.5192008 0.0397927 0.0301050 0.0273208 0.9983806
1341846335.406025 -0.0592240 -0.0039543 0.2213454 0.0428161 -0.0016580 0.0149389 0.9989699
1341846336.010032 -0.0957486 0.0272077 0.0336767 0.0435078 0.0057801 0.0102778 0.9989835
1341846336.578003 -0.1360883 0.0420015 -0.1053966 0.0474182 -0.0036611 0.0190305 0.9986871
1341846336.614020 -0.1309323 0.0421233 -0.1093379 0.0465838 -0.0034281 0.0183751 0.9987395
1341846336.645982 -0.1374457 0.0466390 -0.1142375 0.0456602 -0.0017946 0.0177566 0.9987976
1341846336.678036 -0.1461389 0.0406359 -0.1213112 0.0434555 -0.0031133 0.0179153 0.9988899
1341846336.714024 -0.1457635 0.0346501 -0.1261073 0.0446315 -0.0055011 0.0179310 0.9988275
1341846336.746016 -0.1499652 0.0308982 -0.1402511 0.0483916 -0.0074408 0.0194567 0.9986112
1341846336.778014 -0.1542847 0.0370040 -0.1565391 0.0514433 -0.0110706 0.0223439 0.9983646
1341846336.820006 -0.1529094 0.0422718 -0.1560908 0.0521758 -0.0153785 0.0251678 0.9982023
1341846336.882056 -0.1601797 0.0411877 -0.1660682 0.0549764 -0.0171287 0.0233335 0.9980680
1341846336.914273 -0.1643494 0.0355770 -0.1710979 0.0568333 -0.0218410 0.0263040 0.9977981
1341846336.945998 -0.1612537 0.0330145 -0.1760139 0.0632106 -0.0287962 0.0280869 0.9971892
1341846336.981980 -0.1667228 0.0490745 -0.1901048 0.0673907 -0.0321774 0.0259555 0.9968698
1341846337.014238 -0.1702053 0.0583180 -0.1821186 0.0649945 -0.0349163 0.0235535 0.9969964
1341846337.046017 -0.1686309 0.0545405 -0.1791060 0.0624827 -0.0363916 0.0191715 0.9971981
1341846337.082104 -0.1753455 0.0555179 -0.1871010 0.0617600 -0.0362179 0.0159462 0.9973062
1341846337.114317 -0.1705231 0.0517089 -0.1982271 0.0595139 -0.0389012 0.0154737 0.9973492
1341846337.150037 -0.1713708 0.0524952 -0.1956791 0.0580007 -0.0407062 0.0138664 0.9973899
1341846337.181873 -0.1662390 0.0523894 -0.1976607 0.0574054 -0.0407751 0.0109446 0.9974579
1341846337.214073 -0.1682606 0.0596292 -0.2043135 0.0554049 -0.0392534 0.0089927 0.9976515
1341846337.250087 -0.1790809 0.0486865 -0.2144878 0.0518619 -0.0401031 0.0101285 0.9977974
1341846337.282028 -0.1829579 0.0509893 -0.2139294 0.0534082 -0.0441281 0.0132809 0.9975089
1341846337.317920 -0.1724800 0.0537213 -0.2098355 0.0531906 -0.0463659 0.0138930 0.9974107
1341846337.350018 -0.1740201 0.0593965 -0.2163917 0.0518280 -0.0456054 0.0136914 0.9975202
1341846337.382159 -0.1717214 0.0541227 -0.2137368 0.0487653 -0.0454402 0.0120195 0.9977037
1341846337.518008 -0.1771984 0.0481026 -0.2277387 0.0492531 -0.0472105 0.0142445 0.9975682
1341846337.549978 -0.1762717 0.0573402 -0.2347670 0.0499901 -0.0479417 0.0121997 0.9975238
1341846337.686352 -0.1765340 0.0564899 -0.2328069 0.0491680 -0.0488346 0.0112080 0.9975330
1341846337.749920 -0.1669588 0.0582537 -0.2191560 0.0469829 -0.0469867 0.0111153 0.9977280
1341846337.854071 -0.1636196 0.0652445 -0.2095666 0.0405308 -0.0387785 0.0118747 0.9983549
1341846337.885951 -0.1631054 0.0655974 -0.2096148 0.0370996 -0.0363138 0.0105491 0.9985958
1341846337.918223 -0.1600861 0.0643146 -0.2019302 0.0325915 -0.0350756 0.0079041 0.9988219
1341846337.954120 -0.1622420 0.0655614 -0.1914478 0.0305513 -0.0334639 0.0074964 0.9989448
1341846337.985994 -0.1599114 0.0725716 -0.1876454 0.0280384 -0.0326704 0.0076055 0.9990439
1341846338.018107 -0.1559016 0.0704253 -0.1773914 0.0243695 -0.0312727 0.0088719 0.9991744
1341846338.054055 -0.1548434 0.0729254 -0.1760073 0.0219586 -0.0296956 0.0077522 0.9992877
1341846338.121875 -0.1516552 0.0700775 -0.1549178 0.0163404 -0.0243528 0.0096624 0.9995232
1341846338.186029 -0.1517733 0.0699652 -0.1414478 0.0142070 -0.0241244 0.0150263 0.9994951
1341846338.222071 -0.1428325 0.0749910 -0.1314256 0.0131966 -0.0235248 0.0147395 0.9995275
1341846338.254107 -0.1440252 0.0695950 -0.1176107 0.0110470 -0.0214707 0.0154164 0.9995896
1341846338.290130 -0.1388613 0.0685192 -0.1097044 0.0114309 -0.0219242 0.0172366 0.9995457
1341846338.354022 -0.1385821 0.0730162 -0.0918189 0.0113208 -0.0202281 0.0191920 0.9995471
1341846338.422377 -0.1392352 0.0754798 -0.0733921 0.0090247 -0.0186118 0.0196996 0.9995919
1341846338.454010 -0.1360684 0.0798346 -0.0654669 0.0082835 -0.0192572 0.0189002 0.9996016
1341846338.722454 -0.1141686 0.0796700 0.0178924 0.0027690 -0.0195771 0.0206341 0.9995916
1341846338.990057 -0.0947035 0.0856013 0.0986026 -0.0013822 -0.0183258 0.0183821 0.9996622
1341846339.797873 -0.0183080 0.1045503 0.3263243 -0.0153440 -0.0000309 0.0162398 0.9997504
1341846341.001922 0.0678591 0.0893390 0.4282948 0.0023675 -0.0010061 0.0153064 0.9998795
