1341846226.817920 0.0000000 0.0000000 0.0000000 -0.0000000 -0.0000000 -0.0000000 1.0000000
1341846227.285981 0.0066475 -0.0001918 -0.0002363 0.0058599 -0.0063314 -0.0100332 0.9999124
1341846227.320064 0.0081316 -0.0036099 0.0008297 0.0054514 -0.0083392 -0.0113154 0.9998863
1341846227.418015 -0.0000672 0.0034512 0.0013284 0.0044068 -0.0149179 -0.0184570 0.9997087
1341846227.686038 0.0071029 -0.0121244 0.0094016 0.0061897 -0.0243556 -0.0313656 0.9991921
1341846227.821920 0.0134464 -0.0072804 0.0124459 0.0125247 -0.0162983 -0.0298218 0.9993439
1341846228.021937 0.0174911 -0.0189686 0.0100180 0.0108397 -0.0072174 -0.0299025 0.9994680
1341846228.358243 0.0322438 -0.0140312 0.0107968 0.0061905 -0.0048565 -0.0233115 0.9996973
1341846228.862015 0.0379717 -0.0204557 0.0001848 0.0045921 -0.0025398 -0.0126416 0.9999064
1341846229.029897 0.0398254 -0.0169255 0.0067934 0.0043368 -0.0033538 -0.0114840 0.9999191
1341846229.197882 0.0428747 -0.0232991 0.0007360 0.0039947 -0.0017493 -0.0102612 0.9999379
1341846229.398029 0.0448164 -0.0242465 0.0015497 0.0090574 -0.0040861 -0.0106955 0.9998934
1341846229.833857 0.0393133 -0.0313394 -0.0063315 0.0188472 0.0032308 -0.0034631 0.9998112
1341846230.670057 0.0414887 -0.0235385 -0.0165602 0.0262092 0.0091281 -0.0049164 0.9996027
1341846230.837804 0.0476429 -0.0304761 -0.0133694 0.0269590 0.0062743 -0.0047213 0.9996057
1341846231.074310 0.0473362 -0.0316993 -0.0141348 0.0299631 0.0033282 -0.0048268 0.9995338
1341846231.410022 0.0466449 -0.0342266 -0.0169507 0.0327438 0.0005452 -0.0057536 0.9994471
1341846231.683822 0.0421277 -0.0554804 -0.0091487 0.0290151 0.0027424 -0.0146047 0.9994685
1341846231.945837 0.0417221 -0.0407023 -0.0096974 0.0371917 -0.0040961 -0.0111592 0.9992375
1341846232.383877 0.0466607 -0.0334556 -0.0103095 0.0330097 -0.0072800 -0.0097779 0.9993807
1341846232.619798 0.0565523 -0.0432669 -0.0069165 0.0387097 -0.0089718 -0.0093267 0.9991667
1341846232.787894 0.0572943 -0.0471044 -0.0030346 0.0467300 -0.0056293 -0.0122956 0.9988160
1341846232.887989 0.0615777 -0.0448319 -0.0057559 0.0526870 -0.0037424 -0.0138857 0.9985076
1341846233.349815 0.0645874 -0.0450969 -0.0053112 0.0567384 0.0002540 -0.0206809 0.9981748
1341846233.989945 0.0612132 -0.0473903 -0.0058368 0.0535717 -0.0036629 -0.0205679 0.9983454
1341846240.322206 0.0658309 -0.0483668 -0.0032784 0.0557128 -0.0128547 -0.0180533 0.9982009
1341846240.626172 0.0643886 -0.0485922 0.0009388 0.0594851 -0.0160492 -0.0212156 0.9978747
1341846240.994099 0.0652335 -0.0469831 -0.0010649 0.0603563 -0.0174900 -0.0218498 0.9977845
1341846241.094372 0.0622070 -0.0446284 -0.0014880 0.0612978 -0.0167299 -0.0232827 0.9977077
1341846241.230127 0.0673126 -0.0473926 -0.0015582 0.0610985 -0.0172677 -0.0248636 0.9976726
1341846241.295211 0.0698178 -0.0444767 0.0088840 0.0625055 -0.0175166 -0.0254205 0.9975671
1341846241.329804 0.0618315 -0.0460529 -0.0049294 0.0611498 -0.0166377 -0.0270021 0.9976246
1341846241.362000 0.0595428 -0.0474991 -0.0041318 0.0607680 -0.0160525 -0.0274656 0.9976448
1341846241.394012 0.0590738 -0.0465843 -0.0049447 0.0607366 -0.0158931 -0.0274956 0.9976485
1341846241.797970 0.0601632 -0.0463795 -0.0035565 0.0618636 -0.0159998 -0.0287908 0.9975410
1341846241.929917 0.0632849 -0.0463388 -0.0056347 0.0627285 -0.0163238 -0.0288769 0.9974792
1341846241.998017 0.0612074 -0.0466831 -0.0045471 0.0620700 -0.0159826 -0.0292461 0.9975152
1341846242.066365 0.0624571 -0.0472760 -0.0044046 0.0628540 -0.0160458 -0.0283758 0.9974902
1341846242.097916 0.0602809 -0.0470900 -0.0040411 0.0642043 -0.0155385 -0.0289153 0.9973968
1341846242.133980 0.0557414 -0.0490917 0.0027424 0.0649633 -0.0156327 -0.0281648 0.9973676
1341846242.165895 0.0589994 -0.0482869 -0.0047344 0.0653953 -0.0155258 -0.0281687 0.9973409
1341846242.197924 0.0543395 -0.0499921 0.0023056 0.0658313 -0.0149438 -0.0295312 0.9972817
1341846242.234487 0.0659222 -0.0470102 -0.0096136 0.0669847 -0.0159986 -0.0285370 0.9972175
1341846242.269588 0.0675183 -0.0443783 -0.0098313 0.0683526 -0.0161971 -0.0282035 0.9971310
1341846242.301972 0.0620878 -0.0466688 -0.0074819 0.0676603 -0.0153878 -0.0292951 0.9971595
1341846242.333996 0.0591639 -0.0485592 -0.0011780 0.0676720 -0.0147536 -0.0289656 0.9971780
1341846242.366000 0.0616688 -0.0461331 -0.0068187 0.0688154 -0.0146648 -0.0288577 0.9971041
1341846242.401903 0.0606912 -0.0463899 -0.0064548 0.0686051 -0.0149964 -0.0286982 0.9971183
1341846242.433933 0.0638403 -0.0505644 -0.0080906 0.0682399 -0.0151104 -0.0296422 0.9971140
1341846242.469883 0.0636651 -0.0473329 -0.0090447 0.0697554 -0.0147977 -0.0293002 0.9970239
1341846242.501972 0.0633259 -0.0458956 -0.0088811 0.0703732 -0.0146880 -0.0297175 0.9969698
1341846242.534063 0.0626436 -0.0453963 -0.0087201 0.0696721 -0.0148912 -0.0302730 0.9969993
1341846242.569931 0.0641311 -0.0453324 -0.0097960 0.0694744 -0.0146088 -0.0300877 0.9970229
1341846242.634077 0.0641395 -0.0430820 -0.0113478 0.0688853 -0.0145447 -0.0298851 0.9970708
1341846242.670215 0.0653197 -0.0447422 -0.0125251 0.0680466 -0.0146352 -0.0300064 0.9971234
1341846242.701929 0.0640936 -0.0440928 -0.0110941 0.0680365 -0.0144010 -0.0297193 0.9971361
1341846242.737996 0.0638680 -0.0446353 -0.0117700 0.0675698 -0.0147728 -0.0298824 0.9971575
1341846242.769937 0.0638953 -0.0467730 -0.0113460 0.0679188 -0.0149743 -0.0306535 0.9971074
1341846242.808080 0.0655572 -0.0440851 -0.0127081 0.0686343 -0.0151014 -0.0305512 0.9970596
1341846242.869936 0.0638311 -0.0442359 -0.0121477 0.0670367 -0.0151193 -0.0312543 0.9971462
1341846242.938061 0.0635568 -0.0432948 -0.0131659 0.0678717 -0.0152465 -0.0316115 0.9970766
1341846243.774067 0.0651377 -0.0426894 -0.0188105 0.0694962 -0.0163497 -0.0344378 0.9968536
1341846244.887873 0.0886645 -0.0538089 -0.0158814 0.0771726 -0.0103237 -0.0236930 0.9966827
1341846245.623837 0.0807634 -0.0536304 -0.0130787 0.0778674 -0.0045486 -0.0250465 0.9966387
1341846245.791914 0.0818495 -0.0530301 -0.0095553 0.0792543 -0.0031248 -0.0254047 0.9965258
1341846246.153949 0.0759486 -0.0605378 -0.0140272 0.0824947 -0.0032791 -0.0262482 0.9962404
1341846246.389885 0.0687435 -0.0464602 -0.0105775 0.0820845 0.0012716 -0.0344067 0.9960305
1341846246.826059 0.0725206 -0.0502076 -0.0003349 0.0769253 0.0038210 -0.0270468 0.9966626
1341846246.893944 0.0737736 -0.0454453 -0.0049746 0.0783291 0.0028769 -0.0264588 0.9965723
1341846247.225977 0.0732747 -0.0537174 -0.0011938 0.0835297 0.0016793 -0.0241510 0.9962112
1341846247.261953 0.0780110 -0.0647772 0.0005435 0.0853947 0.0016962 -0.0240794 0.9960548
1341846247.430187 0.0746037 -0.0469910 0.0025171 0.0864140 0.0005498 -0.0240425 0.9959690
1341846247.462223 0.0752773 -0.0526017 0.0058947 0.0849509 -0.0004131 -0.0249095 0.9960737
1341846247.530027 0.0763120 -0.0566249 0.0054001 0.0857468 -0.0007509 -0.0255436 0.9959892
1341846247.662701 0.0847333 -0.0519750 0.0146421 0.0879754 -0.0030582 -0.0217922 0.9958795
1341846247.730051 0.0814130 -0.0519903 0.0101761 0.0872624 -0.0029793 -0.0198058 0.9959840
1341846247.830259 0.0864351 -0.0444437 0.0134570 0.0895851 -0.0039031 -0.0162976 0.9958382
1341846247.966006 0.0830244 -0.0558155 0.0150532 0.0891327 -0.0058400 -0.0147340 0.9958937
1341846248.166050 0.0914608 -0.0482555 0.0142546 0.0922595 0.0015911 -0.0204370 0.9955240
1341846248.402093 0.0855701 -0.0518213 0.0218884 0.0927910 0.0013111 -0.0262706 0.9953381
1341846249.373854 0.0946313 -0.0549175 0.0241147 0.0952080 0.0048487 -0.0245117 0.9951438
1341846249.437945 0.0981875 -0.0596995 0.0280713 0.0949315 0.0073402 -0.0259743 0.9951178
1341846249.474182 0.0964953 -0.0531200 0.0287499 0.0951269 0.0074703 -0.0259064 0.9951000
1341846250.010384 0.0979343 -0.0371609 0.0292948 0.0875596 -0.0171149 -0.0063863 0.9959918
1341846250.646114 0.1186036 -0.0271240 0.0286616 0.0866328 -0.0109556 -0.0089242 0.9961401
1341846250.745904 0.1155935 -0.0245123 0.0295748 0.0840641 -0.0090028 -0.0043085 0.9964104
1341846250.946118 0.1182127 -0.0285660 0.0287468 0.0838771 -0.0111860 -0.0023916 0.9964105
1341846251.081959 0.1188510 -0.0329539 0.0299524 0.0867719 -0.0127498 -0.0059016 0.9961292
1341846251.249978 0.1131443 -0.0327618 0.0253256 0.0920596 -0.0123883 -0.0079200 0.9956449
1341846251.350003 0.1103689 -0.0288339 0.0240812 0.0905364 -0.0172188 -0.0083798 0.9957091
1341846251.449878 0.1063422 -0.0226784 0.0255360 0.0884899 -0.0203261 -0.0108279 0.9958108
1341846251.517870 0.1025918 -0.0217358 0.0283791 0.0846877 -0.0232059 -0.0108028 0.9960787
1341846251.618241 0.1023111 -0.0248506 0.0332536 0.0830210 -0.0241340 -0.0077135 0.9962257
